date,hour,type,北京,天津,石家庄,唐山,秦皇岛,邯郸,保定,张家口,承德,廊坊,沧州,衡水,邢台,太原,呼和浩特,沈阳,大连,长春,哈尔滨,上海,南京,苏州,南通,连云港,徐州,扬州,无锡,常州,镇江,泰州,淮安,盐城,宿迁,杭州,宁波,温州,绍兴,湖州,嘉兴,台州,舟山,金华,衢州,丽水,合肥,福州,厦门,南昌,济南,青岛,郑州,武汉,长沙,广州,深圳,珠海,佛山,中山,江门,东莞,惠州,肇庆,南宁,海口,重庆,成都,贵阳,昆明,拉萨,西安,兰州,西宁,银川,乌鲁木齐,湘潭,株洲,包头,鄂尔多斯,营口,丹东,盘锦,葫芦岛,泉州,临沂,德州,聊城,滨州,淄博,枣庄,烟台,潍坊,济宁,泰安,日照,威海,东营,韶关,汕头,湛江,茂名,梅州,汕尾,河源,阳江,清远,潮州,揭阳,云浮,玉溪,菏泽,大同,长治,临汾,阳泉,赤峰,鞍山,抚顺,本溪,锦州,吉林,齐齐哈尔,牡丹江,大庆,芜湖,马鞍山,九江,洛阳,安阳,开封,焦作,平顶山,三门峡,宜昌,荆州,岳阳,常德,张家界,桂林,北海,柳州,三亚,绵阳,宜宾,攀枝花,泸州,自贡,德阳,南充,遵义,曲靖,咸阳,铜川,延安,宝鸡,渭南,金昌,嘉峪关,石嘴山,克拉玛依,库尔勒,寿光,章丘,即墨,胶南,胶州,莱西,平度,蓬莱,招远,莱州,荣成,文登,乳山,吴江,昆山,常熟,张家港,太仓,句容,江阴,宜兴,金坛,溧阳,海门,临安,富阳,义乌,诸暨,瓦房店,信阳,周口,漳州,晋城,朔州,晋中,运城,忻州,吕梁,乌海,通辽,呼伦贝尔,巴彦淖尔,乌兰察布,兴安盟,锡林郭勒盟,阿拉善盟,阜新,辽阳,铁岭,朝阳,四平,辽源,通化,白山,松原,白城,延边州,鸡西,鹤岗,双鸭山,伊春,佳木斯,七台河,黑河,绥化,大兴安岭地区,蚌埠,淮南,淮北,铜陵,安庆,黄山,滁州,阜阳,宿州,六安,亳州,池州,宣城,莆田,三明,南平,龙岩,宁德,景德镇,萍乡,新余,鹰潭,赣州,吉安,宜春,抚州,上饶,鹤壁,新乡,濮阳,许昌,漯河,南阳,商丘,驻马店,黄石,十堰,襄阳,鄂州,荆门,孝感,黄冈,咸宁,随州,恩施州,衡阳,邵阳,益阳,郴州,永州,怀化,娄底,湘西州,梧州,防城港,钦州,贵港,玉林,百色,贺州,河池,来宾,崇左,广元,遂宁,内江,乐山,眉山,广安,达州,雅安,巴中,资阳,阿坝州,甘孜州,凉山州,六盘水,安顺,铜仁地区,毕节,黔西南州,黔东南州,黔南州,保山,昭通,丽江,普洱,临沧,楚雄州,红河州,文山州,西双版纳州,大理州,德宏州,怒江州,迪庆州,昌都,山南,日喀则,那曲地区,阿里地区,林芝,汉中,榆林,安康,商洛,白银,天水,武威,张掖,平凉,酒泉,庆阳,定西,陇南,临夏州,甘南州,海东地区,海北州,黄南州,海南州,果洛州,玉树州,海西州,吴忠,中卫,固原,吐鲁番地区,哈密地区,昌吉州,博州,阿克苏地区,克州,喀什地区,和田地区,伊犁哈萨克州,塔城地区,阿勒泰地区,石河子,五家渠,三沙
20161120,0,AQI,143,61,263,57,43,194,258,79,67,76,83,164,222,167,73,26,40,79,99,130,40,106,93,85,110,99,116,96,59,90,138,100,197,141,130,131,110,129,118,67,84,203,148,56,61,84,53,83,119,54,292,111,66,65,42,37,69,41,66,59,66,100,37,39,120,154,86,87,162,169,144,156,105,47,70,64,94,38,37,55,31,49,69,104,74,203,58,83,103,41,56,100,111,84,44,50,36,65,56,52,78,56,61,58,63,98,103,55,47,252,78,149,230,99,70,53,22,40,51,72,74,59,58,136,62,95,283,291,265,314,260,107,93,75,65,58,71,75,51,39,28,133,118,77,191,222,210,113,120,59,186,106,101,129,180,110,84,87,38,50,54,96,44,66,39,36,35,33,33,,28,41,27,135,119,111,89,134,59,160,95,90,93,76,151,164,120,,57,133,177,,187,86,108,161,103,180,88,39,23,44,48,27,21,71,48,39,41,103,55,27,34,46,81,70,30,58,103,34,27,44,59,65,66,27,103,75,85,60,86,68,76,103,130,59,169,118,86,80,17,23,37,55,113,114,126,83,39,78,118,93,94,239,245,254,233,239,180,141,222,83,88,133,68,75,86,49,88,136,89,101,78,58,28,96,55,49,112,83,34,45,27,41,109,47,75,31,56,116,101,115,90,138,118,100,89,56,87,54,54,46,94,37,73,130,89,66,71,24,105,29,87,48,57,50,52,67,21,56,40,59,107,28,116,201,63,20,137,118,86,121,122,127,171,83,90,94,92,122,,129,106,259,52,56,41,71,57,53,101,86,78,83,50,61,31,189,132,227,169,47,46,43,46,20,
20161120,0,PM2.5,109,44,213,39,29,146,208,34,32,56,61,125,172,127,53,18,27,58,74,99,28,80,69,63,83,74,88,67,42,67,105,75,148,108,99,100,83,98,89,40,62,153,113,40,44,53,37,59,90,30,242,84,48,45,27,20,50,26,39,37,36,75,24,16,91,118,55,42,98,128,79,59,74,33,51,42,62,11,26,37,21,32,50,78,54,153,41,61,77,18,34,75,84,62,15,25,25,47,40,33,57,40,32,41,45,73,77,35,22,202,42,114,180,74,51,37,15,28,36,31,54,42,41,104,44,71,233,241,215,264,210,55,69,50,47,39,52,55,27,26,10,101,89,47,144,172,160,85,91,41,140,76,61,80,136,68,44,50,17,34,30,72,22,48,27,22,11,15,18,,15,12,10,96,89,84,66,88,42,122,71,63,69,45,116,125,91,,29,101,134,,141,53,59,119,74,136,65,27,13,7,16,19,12,27,30,27,29,77,30,19,24,32,60,51,18,41,54,22,14,31,42,47,48,3,77,55,63,40,64,43,56,77,99,42,128,89,64,59,7,16,19,38,77,86,96,61,27,57,89,69,70,189,195,204,183,189,136,108,172,61,65,101,49,55,64,33,65,104,66,76,57,27,12,72,36,31,66,61,24,30,19,29,82,20,55,22,28,38,76,87,67,105,54,75,66,37,51,26,38,28,61,25,44,99,17,47,44,17,79,10,45,20,39,35,34,48,13,7,17,23,49,8,88,151,45,11,104,84,64,57,56,78,130,61,55,51,66,79,,86,74,91,18,33,18,36,34,21,68,64,31,50,32,42,16,111,50,169,128,33,32,30,11,9,
20161120,0,PM2.5_24h,125,126,253,156,61,213,222,34,46,94,118,182,188,81,37,32,27,48,52,111,57,67,85,103,74,78,71,76,63,71,68,64,91,106,98,71,106,80,82,51,44,65,112,58,55,46,69,55,105,78,172,51,41,68,34,29,67,35,50,58,49,99,45,14,72,92,35,35,48,128,85,79,42,51,42,51,69,42,35,60,22,39,77,107,158,165,104,82,71,37,114,80,90,120,24,89,70,55,38,54,60,47,52,51,74,77,93,112,20,150,39,89,193,103,38,45,36,49,40,56,43,53,24,70,44,70,147,294,163,193,136,83,74,52,37,29,43,58,30,50,11,74,83,42,89,107,103,58,69,26,138,85,40,84,145,31,20,35,21,25,110,117,66,95,81,42,62,19,44,,24,26,19,72,82,84,78,88,44,118,60,67,58,81,84,99,76,,33,68,95,,108,57,85,101,83,95,33,31,46,44,22,30,15,22,23,36,34,35,44,36,61,80,28,46,84,31,28,23,22,25,33,30,33,14,46,40,89,62,51,25,44,64,82,29,106,61,59,56,38,38,32,34,52,76,84,57,58,77,74,54,65,272,189,178,125,135,81,92,111,64,50,75,62,45,47,38,51,51,45,82,71,28,45,63,42,37,46,89,29,47,72,63,63,68,44,54,37,37,50,79,71,81,33,57,88,39,51,21,26,32,51,23,22,82,18,34,29,15,47,11,27,14,25,28,25,24,13,24,15,21,44,21,59,69,25,15,89,63,51,67,67,60,65,54,39,26,42,72,,34,64,99,25,58,27,35,16,25,48,38,39,42,27,34,15,90,42,135,57,47,19,20,18,30,
20161120,0,PM10,145,48,300,63,43,309,261,107,83,74,86,264,257,231,94,23,40,73,91,,40,142,89,79,101,83,173,141,60,94,172,115,,166,164,159,113,,126,83,88,215,136,56,,117,55,116,139,58,284,105,65,80,42,37,68,41,81,67,81,95,37,39,137,217,121,123,273,244,238,262,160,32,74,78,138,38,33,60,31,49,80,102,88,247,66,79,105,41,62,86,129,66,44,50,,72,52,54,98,61,71,45,42,97,119,59,47,266,106,157,340,142,79,49,22,39,47,93,67,55,53,163,73,84,356,390,226,412,307,164,93,99,63,65,82,78,52,39,28,170,138,103,231,210,247,118,169,67,249,162,151,208,252,169,117,123,38,50,57,101,44,60,39,36,35,33,33,,28,41,27,219,188,135,96,217,,176,97,129,107,101,194,184,127,,63,136,218,,189,121,165,271,155,267,119,37,23,40,48,24,21,91,48,30,40,56,59,23,34,38,74,58,30,62,155,34,27,42,43,71,54,27,112,83,89,69,103,85,75,103,102,58,124,90,92,84,14,15,37,60,175,164,160,68,35,85,161,83,122,284,272,269,223,269,206,206,243,104,89,102,80,69,103,49,90,137,93,86,69,66,28,97,59,49,173,68,32,45,23,36,132,47,73,31,61,182,95,118,92,141,185,117,118,62,123,58,52,46,138,37,95,121,127,81,92,24,111,29,123,48,63,48,54,83,21,61,40,67,163,28,126,155,58,20,223,186,111,192,194,204,250,84,130,137,133,193,,207,161,391,54,62,41,92,64,56,151,73,105,116,50,71,31,327,214,369,259,42,,30,46,20,
20161120,0,PM10_24h,133,189,391,223,91,385,323,129,97,138,154,291,275,142,110,43,37,57,69,131,106,124,156,179,125,109,118,117,107,100,114,104,105,167,155,131,158,116,132,94,77,116,141,83,90,101,118,102,146,127,208,78,58,110,50,44,105,53,74,82,85,163,67,32,107,147,63,103,145,257,325,375,117,61,74,92,226,168,51,98,34,53,162,172,225,267,151,130,139,51,170,119,114,157,37,123,111,96,55,75,102,70,84,64,106,112,147,174,47,191,98,127,284,182,60,69,57,61,49,111,52,80,48,128,75,99,240,486,207,274,196,175,102,86,57,66,69,83,47,78,28,121,118,95,143,146,159,82,119,81,283,194,149,210,251,93,63,133,34,60,151,165,97,114,104,60,93,33,61,,30,38,37,152,128,133,158,149,76,168,88,119,85,122,132,148,112,,44,96,138,,145,96,159,185,177,204,97,44,64,208,64,34,41,66,34,53,48,49,66,44,93,115,52,66,95,46,50,39,34,34,77,36,57,27,73,66,104,100,79,54,64,88,89,50,121,84,80,85,73,63,66,63,95,127,144,93,91,121,119,79,113,450,269,236,170,184,129,153,146,133,78,94,99,75,72,58,85,72,64,106,93,56,70,95,74,64,88,124,40,65,92,103,101,104,79,63,59,147,69,110,92,113,97,101,150,61,105,52,47,53,91,33,69,113,61,55,48,32,87,23,44,32,37,48,43,43,26,47,32,55,93,41,82,62,57,34,155,245,77,221,206,219,142,105,130,85,152,245,,103,222,491,82,164,74,103,46,71,111,81,90,116,61,130,24,285,187,277,171,56,37,19,42,40,
20161120,0,SO2,6,11,52,23,13,68,81,17,15,4,15,36,60,141,40,27,27,45,37,20,11,19,18,16,14,13,28,18,13,11,14,16,17,14,14,28,32,14,11,12,9,17,14,9,11,10,10,17,21,16,34,11,18,16,9,10,19,17,17,12,10,18,10,4,16,17,18,23,11,28,32,31,61,21,24,17,42,11,14,12,33,53,12,10,19,24,13,31,18,15,21,30,40,17,5,24,7,13,8,17,9,10,8,9,10,21,26,9,31,36,96,93,368,64,40,31,10,14,50,25,38,19,27,14,11,20,40,78,58,36,30,22,11,16,12,10,11,5,9,7,2,15,21,25,19,12,21,13,15,27,27,27,71,15,28,95,16,143,9,4,11,18,10,12,15,17,6,8,9,,5,5,8,16,17,28,34,20,14,19,21,12,26,12,9,13,26,,18,11,17,,45,110,155,92,59,97,124,10,2,132,28,7,11,17,57,31,6,59,19,34,8,11,17,12,9,18,9,31,7,13,2,41,11,3,8,16,12,11,15,9,6,22,14,12,9,19,21,12,6,14,9,9,10,40,62,25,15,35,31,8,30,62,28,27,30,10,19,8,14,17,12,11,9,13,8,6,5,13,32,14,28,19,18,31,8,9,12,4,10,12,19,9,17,11,8,5,11,18,16,11,20,16,16,14,18,4,9,17,41,16,25,46,17,10,13,15,7,11,50,10,4,4,43,14,10,17,6,2,8,13,6,4,16,36,66,4,18,57,30,7,125,70,36,18,13,13,60,26,,37,21,34,17,11,16,23,42,18,81,14,10,20,11,28,7,39,5,24,54,18,2,8,9,13,
20161120,0,SO2_24h,9,17,46,46,15,68,42,16,12,9,22,36,34,86,30,35,18,33,46,23,15,21,33,24,16,17,19,21,19,16,12,14,14,14,17,27,23,16,19,19,10,17,38,14,12,9,23,15,24,24,31,9,13,21,7,13,17,17,16,15,9,22,13,4,17,15,12,31,9,23,22,26,103,17,17,20,37,7,9,39,15,73,24,19,27,22,28,39,24,21,36,21,30,28,7,37,22,19,8,10,13,11,14,8,18,23,30,20,28,23,42,67,227,68,33,26,17,32,43,31,49,21,20,23,15,26,34,53,27,34,32,23,12,19,13,9,12,11,10,10,3,13,19,49,24,16,17,10,14,23,22,25,45,14,28,63,11,113,7,7,27,17,14,21,24,19,12,8,17,,4,7,7,16,19,29,30,28,16,24,20,21,27,32,7,10,29,,12,13,22,,70,52,143,60,79,78,22,8,6,29,26,7,19,16,38,19,8,47,15,26,27,35,15,16,21,10,12,17,7,16,5,33,16,14,11,17,18,22,21,13,13,23,13,13,16,19,28,15,15,23,14,8,11,48,72,52,29,33,32,11,45,51,23,15,33,13,17,10,20,17,13,10,14,14,7,9,6,10,26,16,40,20,25,33,21,12,9,11,11,13,35,30,31,20,10,19,18,18,10,19,12,14,17,12,17,5,10,13,36,33,21,18,18,15,13,8,5,11,46,11,4,4,26,15,10,12,8,3,8,14,7,7,13,33,43,4,19,30,14,15,105,56,30,13,18,12,55,37,,42,16,29,19,27,20,28,34,20,83,34,13,15,13,15,6,24,3,24,77,20,4,18,11,20,
20161120,0,NO2,56,30,97,30,33,97,91,21,51,31,32,68,80,73,58,20,34,61,61,56,43,73,21,34,42,16,65,43,29,32,33,29,39,62,84,113,50,47,58,16,19,48,66,39,39,71,49,54,58,25,95,35,46,83,33,34,61,59,59,50,40,81,39,11,57,88,63,59,73,65,80,55,72,51,35,44,78,45,19,13,27,40,53,36,32,45,35,39,37,18,23,85,31,27,6,17,16,28,6,20,47,13,35,12,60,32,43,29,32,75,42,73,64,61,25,21,10,19,26,21,28,21,34,66,48,53,98,92,79,106,65,54,41,54,20,31,17,41,8,31,14,65,55,65,50,80,48,54,56,52,77,50,66,54,80,53,69,56,22,19,19,37,17,30,27,22,18,16,14,,8,12,7,83,50,40,47,30,45,39,83,23,55,10,20,26,26,,36,32,62,,78,49,51,73,43,32,67,15,8,43,24,8,9,10,30,17,27,42,46,27,7,8,19,18,8,31,17,18,15,33,22,41,24,18,42,21,41,49,45,32,54,29,62,28,57,51,61,44,12,11,33,34,20,36,59,29,16,14,33,12,57,86,101,88,72,47,43,56,64,51,39,46,21,25,5,11,52,24,25,42,20,24,43,30,6,15,23,10,28,29,18,34,38,20,32,9,24,49,38,35,43,65,32,43,30,33,42,20,48,30,51,21,32,39,58,41,48,10,41,9,25,20,52,13,27,32,11,37,21,22,66,9,45,78,38,16,45,51,35,35,58,57,56,19,86,38,61,56,,73,48,67,11,2,8,18,46,21,53,41,34,74,48,45,25,91,45,94,34,24,27,37,9,10,
20161120,0,NO2_24h,65,60,104,66,39,102,102,30,40,52,57,81,85,53,37,28,30,39,50,95,48,86,67,47,44,27,56,57,54,60,38,41,44,79,78,78,66,65,74,35,26,58,56,41,55,58,63,45,65,40,67,45,39,85,35,51,65,53,50,40,34,80,34,12,58,69,35,42,47,60,66,57,55,52,44,44,46,22,19,42,18,24,58,51,61,56,56,56,39,36,50,64,47,51,13,38,44,32,7,15,44,14,32,10,63,33,49,64,28,54,27,56,59,51,17,26,24,29,19,32,31,25,23,51,49,45,51,98,56,68,47,52,39,48,24,23,15,33,11,40,12,54,36,55,31,52,38,32,40,35,58,49,52,45,57,24,27,33,15,24,49,44,36,46,47,26,37,17,26,,17,20,19,63,67,64,55,45,49,59,66,29,44,45,32,58,59,,26,32,38,,55,28,47,51,40,35,21,17,30,29,23,18,13,14,16,22,19,21,21,22,31,28,21,25,25,20,14,18,26,29,32,31,20,17,43,31,46,61,37,29,53,33,44,44,35,45,42,34,34,27,35,33,23,37,58,33,36,34,38,26,42,84,88,65,58,38,39,38,51,46,38,44,48,37,8,44,37,27,25,48,32,28,46,29,15,25,22,33,19,26,29,36,24,24,29,14,20,38,28,28,30,42,25,45,39,36,28,19,61,35,35,12,24,37,28,33,13,13,32,14,17,17,31,11,20,16,16,21,17,19,44,38,28,33,37,14,39,40,30,32,41,46,50,25,61,24,32,39,,44,22,52,15,16,24,18,28,25,33,23,27,38,37,50,14,48,29,59,43,32,16,30,15,19,
20161120,0,O3,3,42,5,42,27,4,5,60,9,18,34,10,10,4,15,46,38,13,24,17,12,13,41,20,13,12,4,9,16,60,27,42,25,20,13,8,39,24,34,47,68,56,11,7,13,6,24,16,5,39,6,52,7,4,60,54,9,20,11,19,34,6,12,36,5,5,6,12,13,6,9,22,10,18,11,7,8,33,52,45,33,22,15,9,15,,34,15,13,54,36,6,52,26,63,54,42,52,118,41,4,73,5,76,9,44,44,38,20,6,29,21,13,18,22,40,64,38,32,58,32,50,41,62,1,7,11,9,5,6,21,8,9,17,25,33,15,3,79,10,14,5,19,6,5,49,10,20,9,41,5,16,10,7,4,50,15,11,40,61,43,4,36,40,35,32,52,50,46,,63,67,54,5,5,18,11,19,14,17,,9,18,56,30,53,93,,21,43,4,,13,23,7,7,8,2,14,54,55,40,48,57,52,100,19,46,33,8,20,64,80,61,57,52,54,43,37,30,35,36,50,66,43,27,24,25,25,32,37,31,46,17,11,37,14,42,51,13,53,50,2,6,3,3,3,22,39,36,8,48,11,8,4,5,13,22,36,3,12,2,35,20,37,36,50,56,2,66,6,11,27,25,10,20,34,63,4,31,6,10,30,9,8,11,39,21,24,7,43,27,36,8,6,31,65,10,13,18,28,57,36,55,11,30,2,8,6,58,41,75,11,28,4,47,35,10,57,6,28,34,5,59,11,11,48,54,4,2,2,28,29,24,4,51,10,49,23,3,,47,74,14,81,20,78,39,36,58,4,11,36,6,28,18,51,13,30,8,28,44,95,13,61,43,
20161120,0,O3_24h,67,63,42,43,48,18,31,78,79,64,76,50,22,52,78,50,88,61,57,35,16,51,42,44,28,14,63,28,17,60,29,42,25,57,233,154,144,56,77,137,143,88,83,106,22,79,107,74,23,47,57,52,12,129,93,86,104,77,79,99,102,125,104,52,41,75,109,94,86,39,99,75,70,35,16,44,84,93,63,45,64,71,136,17,35,11,40,22,40,57,43,21,65,36,65,65,92,128,120,57,68,101,80,100,117,145,150,109,96,36,86,65,54,89,66,44,65,52,62,68,53,53,67,99,4,25,87,13,38,49,67,69,20,61,33,42,39,58,106,40,37,57,108,94,101,145,41,81,80,130,57,69,66,83,64,101,114,102,70,66,48,20,42,57,52,64,75,66,63,,83,67,58,77,47,32,23,64,15,19,65,19,36,56,44,70,114,,54,104,75,,57,106,84,60,77,37,87,64,57,77,96,73,64,103,59,47,60,57,69,85,80,61,80,68,58,68,61,44,58,67,75,83,55,30,49,41,47,51,100,86,58,43,52,48,54,57,93,129,56,103,70,47,79,85,38,94,64,105,45,101,81,15,24,18,54,84,71,41,108,15,81,39,37,39,61,56,38,95,39,37,72,30,72,77,58,71,28,103,60,59,62,71,159,83,90,51,86,94,135,106,112,100,51,68,74,39,113,78,63,119,102,99,32,102,81,61,74,113,124,93,77,93,89,101,82,84,83,85,82,75,82,82,83,48,94,81,54,98,28,87,87,93,74,85,82,89,89,83,,112,127,83,112,25,90,111,101,87,70,48,69,77,130,37,67,83,95,143,97,53,130,69,67,45,
20161120,0,O3_8h,9,30,11,30,30,4,8,60,23,12,24,12,12,9,42,45,46,28,24,12,13,16,26,31,14,12,14,6,12,35,16,18,12,27,34,23,75,35,30,34,101,19,19,17,13,16,41,28,6,31,10,18,6,24,69,53,26,27,31,34,60,45,39,33,10,15,34,42,37,9,29,14,21,22,10,7,35,56,56,33,46,36,37,11,21,3,35,15,12,50,38,4,42,26,58,53,40,75,111,48,15,74,23,89,38,68,52,57,47,7,49,29,14,34,31,35,58,38,35,61,26,43,39,54,1,8,24,9,9,9,28,19,10,20,22,37,18,18,79,19,18,15,50,33,37,59,15,40,29,78,12,18,21,25,14,65,52,27,42,55,38,10,25,36,34,34,38,56,43,,62,56,45,17,8,8,9,10,13,13,22,7,19,33,30,38,44,,43,66,22,,24,45,13,17,20,10,42,46,49,48,62,51,48,80,27,41,53,30,43,78,62,48,52,39,49,49,37,27,18,30,52,31,43,22,32,21,23,24,38,38,44,20,25,31,32,40,48,43,25,34,13,9,15,9,8,37,36,40,11,48,29,9,4,6,27,41,41,5,53,5,28,23,11,27,19,21,2,72,15,17,37,20,19,40,38,51,6,41,22,22,32,26,58,26,53,29,41,24,68,49,64,37,12,38,63,10,38,24,40,72,54,72,16,46,29,20,38,80,65,75,33,49,40,58,50,32,58,33,41,45,24,54,42,34,70,67,13,19,5,39,47,43,19,51,30,50,44,30,,73,80,26,92,15,85,75,64,65,20,29,45,29,52,24,55,41,53,57,52,35,106,31,61,43,
20161120,0,O3_8h_24h,49,36,27,30,38,11,20,71,65,43,44,30,16,42,64,45,57,53,47,22,14,34,26,34,17,13,48,16,12,35,18,18,13,37,139,100,109,38,50,91,116,60,52,59,17,51,76,44,11,33,39,20,9,84,81,65,73,59,66,84,86,83,81,42,26,33,90,80,65,22,72,53,51,26,13,23,68,85,59,33,57,63,82,13,27,6,35,15,26,50,38,15,42,29,58,53,59,108,111,52,47,89,57,90,78,120,115,83,81,18,73,45,32,70,60,38,58,38,55,63,39,44,58,65,2,16,65,10,26,34,48,52,16,45,23,37,29,46,87,29,33,40,84,63,71,112,23,60,53,113,35,54,57,64,42,79,105,86,64,61,38,11,28,43,38,43,58,57,46,,68,56,45,51,32,23,13,41,14,13,41,14,27,33,35,51,71,,51,88,61,,38,89,56,49,61,28,82,60,51,70,90,64,58,97,55,42,56,51,62,82,62,48,74,61,51,57,58,41,44,59,62,44,51,29,36,28,40,31,58,53,53,29,42,39,47,46,61,95,35,77,46,30,52,34,26,67,48,70,29,68,58,12,12,11,42,67,50,30,89,8,51,32,14,30,45,22,17,77,26,24,51,23,44,61,51,53,14,81,45,48,53,54,123,60,73,40,68,63,102,79,85,73,33,51,66,23,85,60,51,91,83,91,21,78,66,52,70,100,107,82,62,79,72,80,73,59,74,69,67,61,65,66,70,46,86,69,28,78,19,68,70,71,60,79,72,83,77,66,,99,88,57,106,19,86,106,94,81,50,43,59,66,64,27,62,72,88,84,75,39,117,50,63,44,
20161120,0,CO,1.67,1.00,2.90,0.82,0.48,3.98,2.98,0.53,1.00,1.30,1.23,2.45,3.40,2.43,1.75,0.42,0.78,1.32,1.33,1.40,1.50,1.76,0.95,1.30,1.72,1.30,1.85,1.53,1.33,1.37,1.46,1.00,1.60,1.38,1.13,1.23,1.65,1.30,1.35,0.53,1.17,1.00,1.70,0.80,1.37,1.14,0.53,2.02,1.56,0.57,3.19,1.40,1.12,1.28,0.74,0.60,0.94,0.73,0.97,1.10,0.92,1.23,0.77,0.53,1.71,2.33,1.26,1.30,1.95,2.30,2.05,1.20,1.30,1.15,0.95,1.12,3.30,0.74,0.35,1.08,0.60,1.15,0.93,1.03,0.97,3.00,1.33,1.58,1.38,0.38,0.90,1.75,1.20,1.30,0.37,0.80,0.78,1.08,0.65,0.83,1.30,1.10,0.90,1.30,1.55,1.30,1.32,0.85,2.23,3.67,1.43,2.80,5.13,1.63,1.27,0.67,0.47,0.62,1.02,0.74,1.10,0.54,1.04,2.27,1.60,1.64,4.33,7.65,3.15,5.47,2.50,1.27,1.48,1.20,1.22,1.60,1.57,1.47,0.57,0.93,0.65,1.20,1.50,1.40,1.17,2.10,1.47,1.28,1.10,1.05,1.70,1.43,2.70,1.26,2.13,1.35,1.20,1.13,1.62,1.23,0.85,1.45,0.30,0.80,0.50,0.40,0.40,0.55,0.50,,0.55,0.30,0.25,1.80,1.40,1.50,2.05,1.35,1.40,1.57,1.90,1.70,2.15,1.00,1.30,1.10,1.30,,1.00,0.90,2.85,,2.12,1.00,1.87,2.58,1.80,0.95,2.10,0.83,,0.50,1.35,0.43,0.20,0.65,0.76,0.57,0.28,1.40,0.93,0.20,1.30,0.45,0.75,0.60,1.17,1.37,1.53,0.73,0.20,0.65,0.50,1.15,0.85,0.60,1.25,1.17,1.73,1.32,1.10,1.37,1.10,1.15,1.60,0.97,2.30,1.30,1.53,1.25,0.67,0.67,0.83,0.90,1.40,2.88,0.80,0.75,0.95,0.63,1.63,1.13,1.00,4.63,3.17,3.27,2.90,1.70,1.90,2.00,1.93,1.90,1.63,1.73,1.40,1.00,1.40,1.30,1.50,1.93,1.70,1.88,1.25,1.00,1.20,0.77,1.32,1.60,1.70,0.38,0.97,0.90,0.70,1.00,0.95,0.70,0.95,0.85,0.75,1.27,0.83,1.07,1.17,0.87,2.23,1.88,0.93,1.05,1.18,0.70,0.55,0.80,0.97,0.68,1.20,1.00,1.55,0.80,0.80,1.00,1.10,0.10,0.35,0.75,1.40,0.30,0.70,1.10,0.40,0.90,0.75,1.00,1.60,0.45,0.95,3.90,1.20,0.80,1.97,3.30,1.55,0.60,1.15,1.35,1.70,0.10,1.55,0.95,1.30,1.45,,2.45,1.00,2.00,0.80,,0.40,1.00,0.70,0.80,1.70,1.10,0.55,2.10,1.45,1.25,1.70,2.65,1.30,3.90,1.40,1.10,1.80,1.60,1.55,0.10,
20161120,0,CO_24h,1.85,2.54,3.28,3.40,0.90,3.13,3.12,0.73,1.05,2.67,2.67,3.15,2.63,1.76,1.12,0.54,0.86,1.12,0.85,1.74,1.92,1.79,1.70,1.60,1.34,1.50,1.56,1.70,1.93,1.70,1.24,1.07,1.40,1.47,1.06,1.00,1.70,1.40,1.60,0.77,0.90,0.95,1.80,0.85,1.72,0.96,0.87,2.02,1.81,1.03,2.26,1.50,1.28,1.17,0.81,0.70,1.01,0.77,0.90,1.12,0.98,1.33,0.89,0.53,1.31,1.58,0.73,1.20,0.97,2.04,1.40,1.80,0.85,1.50,1.22,1.44,1.70,0.56,0.45,1.77,0.77,0.98,1.20,1.82,2.67,2.50,1.97,2.10,1.08,0.88,1.80,1.45,1.27,1.33,0.63,1.60,1.34,1.13,0.67,0.90,1.25,0.90,1.00,1.20,1.40,1.45,1.50,1.35,1.77,2.40,1.30,2.22,4.52,1.60,0.75,0.90,0.80,0.98,0.78,1.14,1.02,0.60,0.80,2.03,1.75,1.49,2.32,4.70,2.40,2.80,1.63,1.37,1.40,1.35,1.32,1.50,1.73,1.10,0.57,1.02,0.65,1.18,1.36,1.76,0.57,1.43,1.15,0.98,1.03,0.95,1.50,1.77,1.70,1.40,1.53,0.95,0.70,0.80,1.36,1.27,1.70,1.70,0.90,1.00,1.20,0.70,1.00,0.75,1.05,,0.65,0.65,0.55,1.47,1.55,1.70,1.75,1.75,1.65,1.67,1.45,1.95,1.90,1.60,1.20,1.25,1.50,,1.20,1.10,2.30,,2.26,0.72,2.07,1.77,1.95,0.90,0.80,0.57,0.50,0.30,0.40,0.67,0.25,0.60,0.58,0.63,0.33,0.72,0.80,0.30,1.75,1.40,0.75,0.65,2.00,0.83,0.50,0.47,0.45,0.50,0.50,0.75,0.70,0.70,1.17,1.23,1.37,1.68,1.23,1.03,1.35,1.10,1.30,1.07,1.75,1.50,1.37,1.10,1.57,1.07,0.87,1.10,1.05,2.27,1.57,1.00,1.33,0.88,1.42,1.18,1.15,4.93,2.90,2.50,2.13,1.23,1.54,1.23,1.37,1.82,1.63,1.73,1.73,1.07,1.55,1.50,1.50,1.77,1.55,1.95,1.42,1.10,1.20,0.65,1.30,1.90,1.50,0.85,0.80,1.00,1.07,1.15,0.65,0.80,0.95,0.95,0.65,1.37,0.77,0.93,1.10,0.70,1.47,1.70,1.03,1.25,0.98,0.55,0.65,0.97,0.63,0.53,1.20,1.00,1.10,0.70,0.40,1.00,1.10,0.45,0.35,0.70,0.95,0.27,0.55,0.70,0.40,0.70,0.75,0.95,1.50,0.60,0.75,1.60,0.95,0.25,1.83,1.80,1.35,1.00,0.95,1.05,0.90,0.60,1.20,0.60,0.80,0.90,,1.55,1.30,1.50,0.80,0.60,0.50,0.90,0.50,0.80,1.17,0.90,0.55,1.45,1.10,1.60,1.20,1.20,1.10,2.40,2.40,1.43,0.80,0.90,1.60,0.60,
20161120,1,AQI,135,60,295,57,46,186,159,75,65,73,81,133,204,180,72,27,44,78,93,120,35,68,109,60,131,65,104,81,69,98,120,95,194,138,129,115,111,113,121,59,79,173,136,56,46,88,53,88,105,54,284,116,63,69,42,37,71,44,65,60,64,103,37,30,121,174,89,85,145,160,133,148,97,47,69,60,106,38,44,54,30,50,76,103,74,213,61,90,100,46,58,103,116,88,42,47,36,71,56,52,74,58,57,58,61,101,103,52,51,261,79,151,243,98,69,53,23,43,49,67,79,55,60,130,62,86,288,304,260,296,244,109,91,79,65,71,73,83,56,51,25,135,116,80,189,221,214,104,121,64,210,96,100,121,170,122,89,83,59,52,45,120,42,58,40,39,40,33,29,,39,35,28,126,123,94,90,101,30,144,75,66,80,78,157,167,114,,44,144,187,,183,84,88,158,98,153,102,51,24,43,46,24,22,67,45,39,51,83,60,31,30,43,64,55,33,56,77,44,21,44,46,64,84,22,115,71,103,54,73,58,80,108,141,54,169,68,74,83,16,19,38,41,91,103,120,83,35,75,121,94,85,235,243,246,230,237,199,154,263,81,93,179,68,84,89,49,83,134,68,79,74,60,28,101,56,40,98,53,40,51,27,50,98,41,75,34,49,111,98,114,94,129,110,90,90,59,86,53,46,40,95,35,82,121,84,61,76,30,105,24,78,44,57,53,41,71,30,47,34,56,71,41,135,181,54,17,141,123,89,119,119,115,161,68,92,76,89,99,,116,100,236,52,54,41,60,53,50,99,103,79,77,51,58,30,193,129,230,96,43,51,41,52,29,
20161120,1,PM2.5,103,43,245,40,29,140,121,25,29,53,60,82,154,136,44,19,31,57,69,91,19,40,82,43,100,47,78,54,50,73,91,57,146,105,98,87,84,85,92,34,58,131,104,37,32,52,35,57,79,31,234,88,45,44,27,22,52,26,40,39,40,77,23,14,92,132,55,41,86,122,71,55,60,33,46,43,77,12,31,35,21,35,56,77,54,163,37,67,75,15,33,77,88,65,18,20,25,52,39,36,53,41,28,41,44,76,77,32,23,211,41,116,193,62,50,37,16,30,34,31,58,39,43,99,41,64,238,254,210,246,194,56,68,58,47,46,53,61,28,29,10,103,88,45,142,171,164,78,92,40,160,59,58,78,129,83,46,42,42,27,31,91,19,41,25,20,8,14,20,,16,7,8,87,85,70,67,70,21,110,55,43,59,57,120,127,86,,31,110,141,,138,62,56,113,62,114,62,28,17,21,11,17,10,26,29,27,35,61,32,22,21,30,46,39,19,40,56,22,15,31,32,46,62,4,87,52,77,36,53,39,59,81,108,38,128,49,54,61,8,11,20,22,68,77,91,61,24,55,92,70,63,185,193,196,180,187,149,118,213,60,69,135,49,62,66,34,61,102,44,58,54,33,16,76,40,27,62,37,27,30,15,35,73,29,55,24,28,41,73,86,70,98,49,67,67,41,49,33,31,25,66,23,43,92,31,44,51,17,79,10,34,14,26,32,28,52,21,8,15,18,24,10,103,137,29,12,89,74,66,57,55,67,123,49,46,37,47,64,,70,66,99,16,23,15,35,28,25,70,77,28,40,36,40,21,125,80,180,38,29,36,29,19,10,
20161120,1,PM2.5_24h,120,120,254,145,55,208,219,30,43,89,112,178,187,79,38,29,27,48,52,112,55,67,85,101,75,75,72,76,62,72,70,65,93,107,100,72,105,82,84,51,45,69,112,59,54,47,69,55,105,77,177,53,41,67,33,28,65,34,48,56,47,96,44,14,73,92,36,35,48,126,84,79,43,51,41,50,71,42,32,58,21,37,76,104,155,167,98,80,71,36,109,80,90,119,24,86,67,55,38,52,59,46,51,50,72,77,92,106,21,156,38,90,187,94,37,39,32,47,38,54,44,51,25,70,44,70,151,295,168,196,141,80,72,53,38,30,44,58,29,49,11,74,82,42,90,110,105,59,70,26,136,81,39,80,141,34,21,36,22,25,105,115,66,93,79,41,58,19,43,,24,25,18,74,84,84,78,88,43,119,61,66,58,81,86,101,77,,33,71,96,,112,55,83,99,78,93,34,31,42,39,20,30,15,22,23,32,32,36,41,35,58,78,29,46,79,30,30,22,21,24,32,30,33,14,48,42,88,61,51,25,44,66,83,30,108,62,59,57,37,37,31,34,53,76,85,58,57,75,75,55,65,271,192,181,128,136,85,94,117,64,50,77,62,46,49,38,52,54,45,80,70,28,43,63,41,36,47,86,28,47,69,61,64,66,44,51,36,37,51,80,70,81,34,57,85,39,51,21,27,32,51,23,24,81,19,35,30,15,48,11,27,13,25,27,25,25,13,24,15,21,44,20,60,67,25,14,89,65,52,68,67,60,68,54,38,27,42,71,,36,63,99,24,56,26,35,17,25,50,39,39,41,28,36,15,88,45,128,56,46,20,19,18,29,
20161120,1,PM10,127,48,360,64,46,322,145,100,79,68,74,215,249,252,94,25,44,70,85,,35,85,101,45,111,61,142,112,60,120,159,140,150,162,159,139,110,114,147,67,81,216,134,62,,126,55,126,120,58,277,106,59,88,42,37,74,44,79,69,78,119,37,30,138,237,127,120,239,248,216,246,143,30,88,67,161,38,41,58,30,48,78,90,79,255,71,90,98,46,65,102,106,75,42,47,,84,62,54,97,63,63,62,59,83,108,54,51,268,107,162,361,146,79,49,22,33,45,83,69,55,58,158,73,56,373,399,241,403,262,168,92,83,64,91,60,89,62,52,25,164,139,109,258,234,256,112,179,77,263,141,149,192,250,194,128,116,45,54,45,139,42,54,40,39,40,33,27,,39,35,28,201,195,105,103,151,12,154,89,82,92,69,198,185,114,,41,141,235,,186,117,126,266,145,256,154,51,20,43,46,17,22,83,45,37,52,102,70,25,27,39,56,46,33,49,103,44,14,42,33,76,72,22,120,83,,57,59,66,69,122,112,56,142,61,75,98,14,10,38,41,131,142,159,71,35,81,156,85,99,282,269,269,249,259,224,205,365,100,91,129,78,77,94,48,86,144,85,85,67,70,28,112,56,40,146,42,40,52,27,44,132,41,75,32,49,171,92,120,97,128,170,113,118,68,122,55,46,40,140,35,113,112,117,72,101,30,109,20,105,44,64,55,41,83,28,47,34,61,92,41,145,145,58,12,232,196,103,187,187,180,241,67,134,101,128,147,,181,149,375,54,57,41,70,56,50,147,,107,104,44,66,26,336,208,354,141,43,44,,54,29,
20161120,1,PM10_24h,126,184,388,204,83,378,317,124,91,131,146,288,273,142,110,38,37,57,70,133,104,125,156,174,123,102,121,118,106,103,117,107,106,167,157,131,156,119,134,94,78,122,140,84,89,102,119,102,144,126,212,78,57,108,49,43,100,53,72,80,83,158,65,32,109,150,66,102,147,257,317,365,117,61,72,89,225,167,43,95,31,50,158,163,218,269,143,125,136,51,164,117,112,155,38,119,109,95,55,73,101,68,81,62,103,111,146,165,47,198,97,129,280,170,59,61,50,58,45,110,53,78,49,126,73,100,248,489,210,279,202,174,99,86,57,67,68,83,46,75,27,122,117,95,147,152,164,83,121,80,284,188,147,208,250,99,62,134,34,60,145,163,96,113,101,59,90,33,59,,31,38,37,156,134,133,158,152,75,170,89,119,86,121,136,150,112,,44,100,142,,149,97,158,187,169,206,96,44,57,173,64,35,39,66,34,44,45,50,65,42,88,111,53,65,87,44,53,39,33,34,74,37,57,27,77,67,101,98,78,55,65,90,90,50,122,85,81,86,72,62,62,62,98,127,145,92,90,118,121,78,112,448,274,241,176,185,134,156,157,133,79,95,99,76,73,57,86,76,64,104,91,56,67,95,73,62,92,121,40,65,87,97,103,101,77,59,58,150,71,111,91,114,101,101,144,62,106,53,47,53,92,32,72,110,63,56,51,32,87,23,45,32,38,48,43,44,26,48,33,56,93,42,84,68,54,33,157,243,79,226,209,217,146,104,128,86,141,234,,108,209,480,82,160,74,102,47,69,114,81,89,114,61,126,24,287,194,275,171,56,38,19,42,39,
20161120,1,SO2,5,12,53,30,20,67,70,8,14,5,16,31,60,155,25,31,27,49,35,21,11,16,17,11,14,13,26,13,14,12,12,12,15,15,14,19,30,14,10,11,9,16,19,9,13,9,9,24,20,16,33,11,18,18,8,10,19,16,21,13,10,18,10,4,18,27,17,21,8,28,30,27,60,24,25,16,31,10,11,10,30,37,12,9,16,23,15,28,18,11,21,30,49,15,6,22,7,16,8,11,12,11,7,9,8,24,24,8,35,31,77,86,279,61,40,39,10,14,34,30,20,13,13,14,13,14,41,65,43,35,33,20,12,15,9,8,12,10,9,8,2,14,22,24,20,14,18,19,13,49,32,25,53,14,24,79,20,84,10,5,13,20,9,11,15,19,8,8,12,,4,5,7,13,16,25,28,18,14,19,12,10,23,13,9,12,26,,18,11,17,,46,96,124,86,90,88,59,14,1,45,26,5,13,20,26,29,10,69,13,22,6,8,14,7,7,17,11,31,6,11,2,45,12,2,9,16,16,25,19,9,9,27,17,16,9,22,23,12,6,8,10,5,7,46,56,21,11,30,30,8,31,68,27,28,32,10,19,9,15,22,14,14,9,15,8,6,5,12,22,12,23,28,21,28,7,7,10,3,10,16,18,12,16,10,8,7,12,17,19,12,37,15,19,16,21,5,8,14,35,21,24,33,16,9,12,9,8,11,28,9,4,3,18,14,9,14,8,2,9,8,6,4,16,33,96,5,15,41,25,8,100,40,23,11,13,10,33,18,,33,17,21,17,12,18,23,51,18,62,13,8,26,13,17,6,40,3,22,52,28,2,8,11,14,
20161120,1,SO2_24h,9,17,48,44,14,69,44,15,12,9,21,36,35,86,31,33,19,34,46,24,15,21,32,24,16,17,20,21,19,16,12,14,14,14,17,27,24,16,18,19,10,17,39,14,12,10,23,16,24,24,31,9,13,21,8,13,17,17,16,15,9,22,13,4,17,16,13,30,9,23,23,26,100,18,18,21,37,8,9,39,15,74,24,19,27,22,27,39,24,21,36,22,31,29,7,36,21,19,8,10,14,11,14,8,18,22,30,19,28,23,43,69,225,67,34,26,15,31,43,31,47,20,20,22,15,26,35,55,28,34,33,23,12,19,13,9,12,11,10,10,3,13,20,49,23,17,18,10,14,23,23,25,45,14,28,66,11,115,7,7,27,17,14,21,24,19,12,8,16,,5,7,7,15,19,29,30,28,16,24,20,21,27,31,7,10,28,,12,13,22,,69,54,142,62,78,75,24,8,5,30,26,7,20,17,38,19,8,49,14,27,26,34,15,16,20,10,12,18,7,16,5,34,16,14,11,17,18,21,20,12,13,23,13,13,16,19,28,15,14,23,14,7,11,48,71,52,29,33,33,11,45,52,23,15,34,14,17,10,20,17,13,10,14,14,7,9,6,10,26,15,39,21,25,32,20,12,9,11,11,13,34,29,31,19,10,17,17,17,11,19,13,14,17,13,17,5,10,13,36,33,21,19,18,15,13,8,5,11,44,11,4,4,25,15,10,12,8,3,8,14,7,7,13,33,44,4,19,31,15,15,109,57,30,13,19,13,56,38,,43,16,29,19,26,20,28,34,19,84,34,13,16,13,15,6,24,3,23,69,20,4,17,11,21,
20161120,1,NO2,51,32,94,36,36,89,67,14,54,31,28,49,73,72,59,23,31,49,59,44,41,65,19,30,43,14,55,27,26,43,23,18,37,66,80,88,52,48,54,11,15,36,72,39,36,68,49,53,53,31,90,31,40,79,29,40,64,53,61,53,44,79,38,8,54,83,59,53,69,61,72,49,65,51,34,46,73,41,17,14,31,47,52,38,32,42,34,35,30,14,30,75,35,23,6,16,15,31,5,17,44,12,33,13,58,37,35,28,32,73,46,72,58,67,25,26,10,19,26,23,18,18,34,64,49,44,97,88,78,104,54,48,39,48,21,32,14,43,9,31,14,59,54,61,47,72,44,45,46,58,77,43,59,50,56,33,64,47,25,22,22,37,18,37,29,30,16,14,15,,8,11,7,73,38,38,37,27,44,37,75,17,41,10,28,32,22,,42,32,61,,82,53,48,68,46,28,56,17,6,47,22,9,10,10,33,16,24,41,41,19,6,6,11,14,7,26,20,21,12,32,20,32,22,17,45,20,45,45,33,31,36,28,38,27,56,48,80,42,15,8,30,20,16,36,58,28,15,14,35,12,59,82,98,87,74,49,41,56,76,50,38,49,17,28,6,10,49,23,27,28,19,25,42,31,6,13,25,13,24,26,15,42,32,16,33,8,28,46,38,50,47,64,28,40,35,31,32,19,30,27,50,16,33,35,53,48,40,12,39,8,20,21,43,9,23,25,13,35,20,20,56,18,53,46,61,18,43,69,34,38,54,54,55,19,82,37,35,45,,67,41,65,14,2,21,24,56,16,54,34,31,66,54,28,16,89,42,89,29,23,11,38,9,12,
20161120,1,NO2_24h,63,58,104,63,36,102,102,27,39,51,55,80,85,54,38,28,30,39,51,94,48,86,65,46,44,26,56,55,52,59,38,40,44,79,79,79,65,65,73,34,26,58,58,42,54,59,61,45,65,40,68,45,39,84,35,51,64,53,50,40,33,80,34,12,58,69,36,42,47,61,67,58,55,53,43,44,48,23,19,41,19,25,58,50,61,55,54,54,39,35,48,65,46,49,13,37,42,32,7,15,44,14,31,10,63,32,48,62,28,56,27,57,59,50,18,25,22,28,19,31,30,25,24,51,49,46,53,99,58,69,47,51,39,48,24,23,16,33,11,39,12,54,37,55,32,54,39,33,40,35,60,49,52,44,58,25,29,35,16,25,47,44,35,46,45,27,34,17,25,,17,20,19,63,66,63,54,45,50,58,67,29,44,43,33,58,58,,26,32,39,,56,29,47,52,40,34,23,17,28,30,23,18,13,14,17,21,19,22,22,21,29,26,21,25,24,20,15,18,26,30,32,32,20,17,43,30,46,60,37,29,53,33,44,43,36,47,45,35,34,27,34,33,23,37,58,32,35,32,38,25,43,84,89,67,59,37,40,39,53,46,38,45,47,37,8,42,38,26,25,44,31,28,46,28,15,24,22,32,20,26,28,35,25,24,29,14,20,38,29,30,31,44,26,46,38,36,28,19,59,35,35,12,24,37,30,34,14,13,32,14,17,17,31,11,21,17,16,22,17,19,44,37,28,32,36,14,39,41,30,32,42,48,51,24,63,25,33,40,,46,23,54,15,16,25,18,28,24,35,23,27,40,39,49,14,48,30,59,41,31,16,30,15,18,
20161120,1,O3,5,33,6,34,21,4,4,66,6,17,39,11,10,5,10,42,39,19,24,29,13,13,33,17,11,15,8,24,23,41,38,63,22,18,18,9,31,23,31,52,65,73,12,6,14,6,20,18,5,31,6,59,8,4,63,48,6,25,7,13,24,3,11,39,5,5,5,16,7,6,10,26,15,16,11,7,6,34,53,43,28,16,14,6,15,,34,12,12,58,27,7,40,34,63,53,43,41,122,49,5,70,4,71,8,28,49,34,17,6,24,22,10,12,15,35,62,37,32,55,39,54,42,47,1,6,13,11,4,7,26,11,10,20,23,26,20,3,79,9,12,5,11,6,5,51,7,22,11,28,5,19,9,7,4,70,25,17,32,56,36,4,32,23,32,24,54,52,42,,63,66,52,4,14,22,23,29,14,19,,15,18,46,30,43,95,,17,36,4,,14,12,7,6,9,2,18,50,57,30,52,56,53,97,14,46,33,6,21,67,76,65,64,56,54,44,37,27,39,39,62,70,43,26,22,22,26,29,41,30,53,15,21,44,13,46,52,13,52,62,2,30,4,2,4,23,40,31,6,40,10,9,4,5,9,17,41,3,4,4,40,22,46,39,56,59,2,56,6,18,29,26,9,18,32,57,9,29,12,9,31,3,12,14,37,20,13,8,38,10,26,2,5,31,68,9,19,23,28,57,42,58,13,31,2,1,6,50,40,78,13,25,5,52,37,9,53,3,24,30,6,47,4,14,41,54,4,2,2,22,24,22,2,45,9,46,50,5,,50,75,4,74,22,67,33,20,58,2,10,36,9,19,24,53,12,36,8,34,43,112,13,59,40,
20161120,1,O3_24h,67,63,42,43,48,18,31,78,79,64,76,50,22,52,78,50,84,61,57,41,16,51,42,44,28,15,63,35,23,60,38,63,25,57,233,154,144,56,77,137,143,88,83,106,22,79,107,74,23,46,57,59,12,129,93,86,104,77,79,99,102,125,104,51,39,75,109,94,86,39,99,75,70,35,16,44,84,93,63,45,64,71,136,17,35,11,40,22,40,60,43,21,65,39,65,65,92,128,122,57,68,101,80,100,117,145,150,109,96,36,86,66,54,89,66,44,65,50,62,68,53,55,67,99,4,25,87,14,38,49,67,69,20,61,33,42,39,58,106,40,37,57,108,94,101,145,41,81,80,130,57,69,66,83,64,101,114,100,70,66,48,19,42,57,52,64,75,66,63,,79,67,56,77,47,32,24,64,15,21,65,19,36,56,44,70,114,,54,104,75,,57,106,84,60,77,37,87,64,57,77,96,73,63,102,59,48,60,57,69,85,80,65,80,68,58,68,61,44,58,67,75,83,55,30,49,41,47,51,100,86,58,43,52,49,54,57,93,129,57,103,70,47,79,85,38,94,64,105,45,101,81,15,24,18,54,84,71,41,108,15,81,39,46,41,62,59,38,95,39,38,72,30,62,77,58,71,28,103,60,59,62,71,159,82,90,51,86,94,135,106,112,100,51,68,75,39,113,78,63,119,102,99,32,102,81,61,74,113,124,93,77,93,89,101,82,84,83,85,82,75,82,82,83,48,94,81,54,98,28,87,87,93,74,85,82,89,89,83,,112,127,83,112,25,90,111,101,87,68,48,69,77,130,37,67,83,95,143,97,53,130,69,67,45,
20161120,1,O3_8h,5,33,6,34,21,4,4,66,6,17,39,11,10,5,10,42,39,19,24,29,13,13,33,17,11,15,8,24,23,41,38,63,22,18,18,9,31,23,31,52,65,73,12,6,14,6,20,18,5,31,6,59,8,4,63,48,6,25,7,13,24,3,11,39,5,5,5,16,7,6,10,26,15,16,11,7,6,34,53,43,28,16,14,6,15,,34,12,12,58,27,7,40,34,63,53,43,41,122,49,5,70,4,71,8,28,49,34,17,6,24,22,10,12,15,35,62,37,32,55,39,54,42,47,1,6,13,11,4,7,26,11,10,20,23,26,20,3,79,9,12,5,11,6,5,51,7,22,11,28,5,19,9,7,4,70,25,17,32,56,36,4,32,23,32,24,54,52,42,,63,66,52,4,14,22,23,29,14,19,,15,18,46,30,43,95,,17,36,4,,14,12,7,6,9,2,18,50,57,30,52,56,53,97,14,46,33,6,21,67,76,65,64,56,54,44,37,27,39,39,62,70,43,26,22,22,26,29,41,30,53,15,21,44,13,46,52,13,52,62,2,30,4,2,4,23,40,31,6,40,10,9,4,5,9,17,41,3,4,4,40,22,46,39,56,59,2,56,6,18,29,26,9,18,32,57,9,29,12,9,31,3,12,14,37,20,13,8,38,10,26,2,5,31,68,9,19,23,28,57,42,58,13,31,2,1,6,50,40,78,13,25,5,52,37,9,53,3,24,30,6,47,4,14,41,54,4,2,2,22,24,22,2,45,9,46,50,5,,50,75,4,74,22,67,33,20,58,2,10,36,9,19,24,53,12,36,8,34,43,112,13,59,40,
20161120,1,O3_8h_24h,5,33,6,34,21,4,4,66,6,17,39,11,10,5,10,42,39,19,24,29,13,13,33,17,11,15,8,24,23,41,38,63,22,18,18,9,31,23,31,52,65,73,12,6,14,6,20,18,5,31,6,59,8,4,63,48,6,25,7,13,24,3,11,39,5,5,5,16,7,6,10,26,15,16,11,7,6,34,53,43,28,16,14,6,15,,34,12,12,58,27,7,40,34,63,53,43,41,122,49,5,70,4,71,8,28,49,34,17,6,24,22,10,12,15,35,62,37,32,55,39,54,42,47,1,6,13,11,4,7,26,11,10,20,23,26,20,3,79,9,12,5,11,6,5,51,7,22,11,28,5,19,9,7,4,70,25,17,32,56,36,4,32,23,32,24,54,52,42,,63,66,52,4,14,22,23,29,14,19,,15,18,46,30,43,95,,17,36,4,,14,12,7,6,9,2,18,50,57,30,52,56,53,97,14,46,33,6,21,67,76,65,64,56,54,44,37,27,39,39,62,70,43,26,22,22,26,29,41,30,53,15,21,44,13,46,52,13,52,62,2,30,4,2,4,23,40,31,6,40,10,9,4,5,9,17,41,3,4,4,40,22,46,39,56,59,2,56,6,18,29,26,9,18,32,57,9,29,12,9,31,3,12,14,37,20,13,8,38,10,26,2,5,31,68,9,19,23,28,57,42,58,13,31,2,1,6,50,40,78,13,25,5,52,37,9,53,3,24,30,6,47,4,14,41,54,4,2,2,22,24,22,2,45,9,46,50,5,,50,75,4,74,22,67,33,20,58,2,10,36,9,19,24,53,12,36,8,34,43,112,13,59,40,
20161120,1,CO,1.50,0.91,3.67,1.35,0.54,4.08,1.87,0.47,1.00,1.23,1.20,1.70,3.08,2.63,1.37,0.42,0.79,1.23,1.25,1.30,1.57,1.64,0.88,1.10,1.74,1.30,1.84,1.17,1.33,1.60,1.26,0.70,1.50,1.40,1.11,1.10,1.65,1.30,1.35,0.50,1.10,0.95,1.53,0.75,1.37,1.24,0.53,2.08,1.61,0.53,3.08,1.43,1.22,1.22,0.72,0.60,0.96,0.67,0.93,1.16,1.04,1.27,0.73,0.53,1.63,2.30,1.14,1.24,1.58,2.17,1.63,1.00,1.30,1.20,1.17,1.22,2.90,0.72,0.50,1.08,0.63,1.20,0.93,1.00,0.93,3.00,1.17,1.58,1.18,0.34,0.90,5.60,1.40,1.03,0.40,0.77,0.74,1.10,0.63,0.73,1.15,1.10,0.85,1.10,1.35,1.45,1.30,0.85,2.07,3.23,1.48,3.02,4.92,1.65,1.48,0.82,0.47,0.57,1.10,0.74,1.02,0.52,0.88,2.17,1.63,1.56,4.47,7.75,3.20,5.57,2.43,1.20,1.50,1.20,1.24,1.60,1.50,1.17,0.57,1.00,0.65,1.20,1.54,1.30,1.00,2.10,1.40,1.22,1.07,1.15,1.75,1.27,2.60,1.16,2.33,1.00,1.00,1.03,1.70,1.30,0.85,1.55,0.30,0.80,0.50,0.40,0.40,0.55,0.55,,0.55,0.35,0.20,1.83,1.20,1.35,1.15,1.25,1.35,1.33,1.95,1.50,1.85,0.90,1.40,1.10,1.20,,1.20,0.93,2.93,,2.18,1.10,1.30,2.13,2.30,0.95,2.03,0.73,,0.65,1.65,0.43,0.35,0.60,0.76,0.53,0.35,1.25,0.90,0.20,1.55,0.40,0.75,0.50,1.17,1.37,0.83,0.80,0.35,0.65,0.50,0.90,0.85,0.70,1.28,1.20,2.30,1.32,1.00,1.27,1.05,1.00,1.50,0.93,2.25,1.30,1.77,1.18,0.97,0.47,0.80,0.80,0.95,2.28,0.87,0.75,0.93,0.73,1.50,1.13,1.10,4.83,3.30,3.23,2.97,1.80,2.00,2.03,2.00,1.84,1.63,1.90,1.37,1.00,1.25,1.30,1.47,1.87,1.65,1.58,1.20,1.00,1.15,0.85,1.33,1.52,1.30,0.45,0.90,0.93,0.63,1.15,0.85,0.65,0.95,0.85,0.70,1.30,0.70,1.15,1.20,0.83,2.07,1.70,0.90,1.15,1.00,0.40,0.60,0.77,0.85,0.60,1.10,0.95,1.45,0.80,0.80,1.00,1.15,0.10,0.30,0.65,1.05,0.30,0.55,1.00,0.35,0.90,0.75,0.70,1.15,0.50,1.55,3.10,1.15,0.35,1.77,2.67,1.40,0.60,1.15,1.40,1.60,0.40,1.65,0.60,0.75,1.10,,2.10,0.80,1.80,0.80,,0.50,1.20,1.10,0.60,1.63,1.60,0.50,1.80,1.65,0.95,1.50,2.30,1.10,4.73,1.50,1.10,0.70,1.50,1.65,,
20161120,1,CO_24h,1.77,2.41,3.30,3.13,0.80,3.20,3.10,0.63,1.02,2.50,2.57,3.10,2.65,1.74,1.17,0.54,0.88,1.13,0.89,1.71,1.89,1.77,1.67,1.60,1.34,1.50,1.56,1.70,1.87,1.70,1.28,1.07,1.45,1.46,1.07,1.00,1.70,1.40,1.60,0.73,0.93,0.95,1.80,0.85,1.69,0.98,0.83,2.02,1.81,0.98,2.30,1.49,1.26,1.17,0.81,0.70,0.99,0.77,0.90,1.12,0.98,1.33,0.87,0.53,1.32,1.62,0.76,1.20,0.97,2.04,1.43,1.85,0.90,1.50,1.17,1.42,1.78,0.56,0.45,1.77,0.73,0.98,1.20,1.77,2.63,2.60,1.90,2.08,1.10,0.84,1.70,1.65,1.27,1.33,0.63,1.60,1.30,1.13,0.67,0.87,1.25,0.90,1.00,1.20,1.35,1.40,1.50,1.30,1.70,2.47,1.28,2.24,4.45,1.52,0.85,0.88,0.73,0.95,0.82,1.10,1.02,0.60,0.80,2.03,1.75,1.51,2.42,4.90,2.45,3.00,1.67,1.37,1.40,1.35,1.32,1.50,1.73,1.13,0.57,1.02,0.60,1.18,1.36,1.76,0.60,1.50,1.20,1.00,1.03,0.95,1.50,1.70,1.67,1.34,1.57,1.00,0.70,0.83,1.36,1.27,1.65,1.75,0.85,1.00,1.15,0.70,0.95,0.75,1.00,,0.65,0.60,0.50,1.50,1.55,1.70,1.75,1.70,1.60,1.70,1.45,1.95,1.90,1.60,1.20,1.20,1.45,,1.10,1.10,2.30,,2.30,0.72,2.07,1.77,1.90,0.90,0.83,0.60,0.40,0.30,0.40,0.67,0.25,0.60,0.60,0.60,0.27,0.72,0.73,0.30,1.70,1.35,0.75,0.70,1.90,0.87,0.53,0.47,0.45,0.50,0.50,0.75,0.70,0.70,1.18,1.25,1.40,1.62,1.17,1.03,1.35,1.10,1.30,1.05,1.75,1.50,1.40,1.10,1.57,1.07,0.87,1.10,1.05,2.33,1.53,1.00,1.28,0.85,1.42,1.15,1.10,5.07,3.02,2.57,2.20,1.23,1.58,1.33,1.43,1.82,1.60,1.73,1.70,1.07,1.50,1.50,1.50,1.77,1.55,1.86,1.40,1.07,1.20,0.65,1.30,1.85,1.50,0.85,0.80,1.00,1.07,1.15,0.65,0.80,0.95,0.95,0.65,1.33,0.77,0.93,1.10,0.70,1.53,1.70,1.03,1.25,1.00,0.55,0.65,0.97,0.65,0.55,1.20,0.95,1.15,0.70,0.40,1.00,1.05,0.45,0.35,0.70,0.95,0.27,0.55,0.70,0.40,0.80,0.75,0.95,1.50,0.60,0.85,1.50,0.90,0.25,1.83,1.90,1.35,0.90,0.95,1.15,1.00,0.60,1.25,0.60,0.80,0.95,,1.60,1.30,1.60,0.80,0.50,0.50,1.00,0.50,0.80,1.23,0.90,0.55,1.45,1.10,1.60,1.20,1.20,1.10,2.33,2.30,1.43,0.80,0.90,1.60,0.60,
20161120,2,AQI,118,58,318,60,44,194,111,69,65,66,79,88,206,138,72,30,49,58,89,95,43,68,111,46,139,88,86,80,71,136,105,62,169,126,124,121,109,105,116,59,79,141,123,53,41,67,54,75,105,52,274,119,53,69,42,34,64,42,64,66,73,93,41,37,114,193,91,88,135,153,141,142,80,51,59,59,109,35,37,53,29,52,85,103,71,212,55,84,103,44,62,113,113,76,38,46,31,80,53,56,73,62,54,55,65,106,104,52,58,248,78,151,254,114,76,50,25,40,50,63,81,46,56,120,52,86,280,281,243,299,235,108,89,86,60,67,71,88,56,42,22,139,121,79,187,222,202,113,113,66,211,89,87,116,176,105,85,74,38,55,53,141,48,64,43,39,35,34,39,,24,37,29,104,90,90,95,90,22,118,85,65,53,91,144,174,119,,72,141,191,,174,90,73,147,92,146,96,43,21,38,39,23,18,58,46,40,54,76,61,34,29,39,49,44,34,58,55,44,26,47,47,59,88,18,114,74,126,51,63,53,105,105,145,51,160,55,93,91,16,19,46,17,76,81,115,85,37,73,115,98,85,229,227,237,220,236,205,153,250,80,98,223,78,94,98,55,76,131,65,56,65,63,28,108,52,33,87,29,38,55,26,45,95,39,71,40,54,107,94,123,105,129,99,84,91,51,80,46,44,45,91,33,79,116,78,59,68,31,111,25,76,27,51,49,47,55,26,52,30,54,63,39,148,93,43,28,132,117,80,109,116,101,119,60,81,60,98,89,,108,104,190,43,56,53,84,59,44,99,65,73,72,56,53,40,171,150,289,104,46,36,49,40,26,
20161120,2,PM2.5,89,41,268,35,31,146,84,19,29,48,58,54,156,105,42,21,34,41,66,71,26,49,84,32,106,65,64,58,52,104,79,36,128,96,94,92,82,79,88,36,58,108,93,36,29,23,38,54,79,26,224,90,37,47,27,24,46,28,41,41,41,69,22,12,86,145,53,45,75,117,72,54,58,36,37,40,76,11,26,32,20,32,63,77,52,162,28,62,77,18,38,85,85,56,16,19,22,59,35,36,50,44,28,35,46,80,78,30,24,198,41,116,204,63,56,35,17,27,35,28,60,31,40,91,28,64,230,231,193,249,185,56,66,64,43,40,52,65,32,27,9,106,92,43,141,172,152,85,85,35,161,46,38,67,133,40,48,40,22,30,37,108,23,46,26,20,19,14,19,,11,9,8,65,67,67,71,67,14,89,63,47,37,68,93,132,90,,32,108,144,,132,67,53,110,62,104,72,27,15,23,10,16,10,23,32,27,38,49,35,24,20,27,34,31,21,41,35,26,18,33,33,42,65,5,86,54,96,34,42,33,79,79,111,36,122,30,69,68,7,10,32,12,56,60,87,63,26,53,87,73,63,179,177,187,170,186,155,117,200,59,73,173,57,70,73,39,56,100,47,36,47,34,13,81,35,21,58,20,26,31,14,26,71,24,52,22,31,42,70,93,79,98,42,62,68,33,41,24,31,27,61,22,40,88,27,42,46,20,84,10,33,9,24,34,31,34,18,10,16,15,22,9,113,69,27,9,88,71,59,56,54,61,80,43,39,32,48,59,,61,66,101,18,23,21,36,36,23,74,40,30,39,35,29,28,122,52,232,41,32,22,34,21,15,
20161120,2,PM2.5_24h,114,115,255,135,52,203,215,25,38,84,106,172,186,77,39,26,28,46,53,111,54,67,87,99,75,73,72,76,62,75,71,65,94,107,102,73,104,84,85,51,47,71,112,59,52,47,69,55,106,76,181,54,41,65,33,27,63,34,47,55,46,93,43,14,74,94,37,35,49,124,83,78,44,51,40,50,73,42,29,56,20,36,75,102,147,170,92,79,71,35,105,80,90,119,24,81,64,55,37,50,59,45,49,48,71,78,93,101,21,161,36,92,181,86,38,36,28,45,37,51,44,50,26,70,43,70,155,295,171,200,145,77,70,53,38,31,44,58,29,47,11,74,82,42,92,114,107,60,71,25,134,76,41,77,137,35,23,37,22,26,101,115,65,91,78,41,56,19,41,,24,25,17,74,84,85,78,89,42,119,62,66,58,81,88,103,77,,32,75,98,,115,54,81,97,75,90,35,31,39,36,19,29,15,22,22,28,30,36,39,34,56,76,30,45,75,29,31,22,20,24,31,31,34,13,50,43,87,61,52,26,46,68,85,31,110,63,62,58,36,36,31,33,55,75,85,60,56,74,76,55,64,269,195,184,131,137,88,96,122,65,51,81,62,47,50,38,52,56,45,78,69,28,41,64,41,35,48,83,28,46,66,57,64,64,44,49,35,37,52,81,69,82,34,57,82,39,50,22,27,32,51,22,25,81,19,35,30,15,49,11,26,13,25,28,25,25,13,24,14,21,44,19,61,64,23,14,88,66,53,67,68,59,70,54,38,27,41,70,,38,62,100,24,55,26,36,18,24,52,39,38,41,29,37,16,87,47,127,54,45,20,19,19,27,
20161120,2,PM10,123,50,399,70,43,333,106,87,79,60,74,125,258,202,94,26,47,51,83,,43,,137,,144,88,113,109,59,161,131,73,141,151,153,145,107,99,140,67,83,181,115,56,,83,57,99,113,53,263,102,51,88,42,31,75,42,77,82,95,120,41,37,130,248,132,125,220,250,232,234,109,25,68,67,167,35,32,55,29,53,86,96,84,253,60,96,101,44,73,129,106,69,38,46,,101,55,62,96,73,57,60,79,101,120,53,65,256,105,168,342,178,89,47,25,40,47,76,61,46,58,142,53,43,369,404,219,392,246,166,92,101,68,84,84,84,62,42,22,158,154,107,231,228,224,124,141,82,255,127,123,181,241,159,119,97,38,60,52,172,48,64,43,39,35,34,39,,24,37,29,158,115,84,86,97,19,113,83,79,55,81,238,190,115,,93,147,245,,182,125,92,244,133,242,132,43,20,38,39,16,18,65,46,40,29,101,72,27,25,36,42,38,34,65,59,44,24,43,46,67,81,18,122,82,114,51,75,55,91,111,,48,158,59,81,101,16,19,40,14,89,84,161,75,32,78,155,88,94,273,270,265,246,248,236,196,343,97,97,214,85,84,97,58,78,143,80,61,62,75,28,116,54,33,123,22,38,59,26,45,117,39,70,40,58,164,92,125,111,133,148,101,106,52,109,46,40,45,131,33,107,106,106,65,85,31,106,16,101,27,52,43,47,59,25,53,30,58,76,39,223,77,43,28,214,184,98,168,181,151,188,47,111,69,145,128,,165,158,330,43,62,55,118,67,44,145,80,95,93,61,56,28,292,249,412,158,38,36,,40,26,
20161120,2,PM10_24h,171,181,387,191,76,371,309,117,85,125,139,281,274,141,112,34,38,56,71,135,101,127,157,176,121,98,122,119,105,106,119,106,107,168,159,131,154,120,136,94,79,126,140,85,89,103,117,102,145,124,215,77,57,106,48,42,96,52,70,79,81,153,63,33,110,154,69,101,150,257,312,355,116,61,69,88,224,165,38,91,30,48,155,155,207,271,133,120,133,51,158,114,111,153,39,115,108,93,55,71,100,67,79,60,101,110,145,157,47,204,96,132,276,160,60,54,43,53,42,109,53,76,50,124,71,100,255,492,213,287,207,173,96,87,58,67,68,83,47,71,27,122,117,95,150,158,167,86,121,79,283,184,147,205,248,104,66,133,34,60,139,165,95,112,100,60,86,34,57,,30,39,37,158,136,133,157,152,71,170,90,118,85,122,143,153,111,,48,105,146,,154,98,155,188,161,202,96,44,52,142,62,34,37,66,34,37,41,52,64,42,83,107,54,63,80,43,54,39,32,34,72,38,58,26,79,69,99,97,78,56,66,93,91,50,125,86,83,87,71,61,61,60,101,126,146,94,89,115,123,78,111,446,279,246,182,188,139,158,168,132,80,96,98,77,75,56,87,80,65,102,89,56,65,95,72,60,94,118,40,65,82,91,105,98,76,55,56,152,73,111,92,116,105,102,139,61,106,54,48,52,92,32,74,108,66,56,53,33,87,23,46,32,38,47,43,43,27,49,33,56,94,41,85,68,50,33,159,242,81,230,212,210,151,101,128,87,134,224,,111,195,469,81,158,74,103,48,68,117,81,89,114,61,122,24,288,203,276,170,55,39,19,43,38,
20161120,2,SO2,5,13,52,44,25,60,53,6,13,6,19,28,45,143,24,40,22,52,37,15,11,16,17,12,15,12,22,14,14,16,12,11,14,15,12,15,28,15,13,12,9,13,23,8,13,6,17,24,21,17,32,11,16,18,7,12,18,15,18,13,10,19,10,4,18,28,16,25,7,31,35,25,59,24,21,18,31,10,8,10,23,52,11,10,20,26,13,22,18,32,22,34,46,15,6,23,6,24,8,8,11,12,7,8,9,33,26,8,34,36,63,71,207,60,35,35,9,18,37,26,18,13,12,14,12,14,42,52,41,36,35,17,13,14,9,10,12,11,10,8,2,14,24,22,20,18,17,12,11,14,31,23,47,17,23,45,19,75,7,4,25,22,10,10,15,21,8,7,90,,4,5,6,11,15,19,26,16,15,20,11,9,21,11,8,10,25,,22,11,17,,55,83,121,76,69,92,73,14,1,39,25,6,23,15,29,31,10,53,11,16,11,6,9,5,7,14,14,21,6,12,7,29,10,1,9,12,18,14,16,9,8,22,27,17,10,24,24,14,6,8,12,4,9,35,46,18,7,23,34,8,36,54,28,30,32,10,20,13,14,18,19,14,9,14,7,7,4,10,17,9,21,28,33,29,6,7,9,4,10,11,17,14,15,9,8,7,12,16,12,13,55,12,20,14,21,5,9,16,36,32,19,26,14,8,23,5,13,11,30,9,4,3,19,17,8,14,8,2,7,5,6,5,11,24,122,4,22,35,20,10,96,37,35,8,14,11,27,13,,27,18,18,18,12,19,22,38,17,57,31,8,18,15,7,5,31,2,17,53,24,2,6,11,17,
20161120,2,SO2_24h,8,17,49,42,14,69,45,15,12,9,21,36,35,85,31,33,19,35,46,23,14,21,32,24,16,16,20,21,18,16,12,14,14,14,17,27,24,16,18,19,10,17,39,13,12,9,23,16,24,24,31,9,14,21,8,13,17,17,16,14,9,22,13,4,17,16,13,29,9,24,23,27,101,18,18,21,38,8,10,38,16,74,24,18,27,23,25,37,24,21,36,23,32,29,7,36,21,19,8,10,13,11,14,8,17,23,29,18,28,24,44,70,225,67,35,26,14,31,44,30,47,20,20,21,14,26,36,56,29,33,33,23,12,19,13,9,12,11,10,9,3,13,20,49,23,17,18,10,14,23,24,25,47,14,29,67,12,116,7,7,27,18,14,21,24,20,12,8,19,,5,7,7,15,19,29,30,28,16,24,20,20,27,30,7,10,28,,13,13,22,,68,56,141,63,77,76,27,9,5,31,26,7,20,17,38,19,8,50,14,27,26,33,15,16,20,10,12,18,7,15,5,34,15,13,11,17,18,21,20,12,13,22,14,14,15,19,28,14,14,23,14,7,11,48,69,51,28,32,33,10,45,53,24,16,35,14,18,10,20,17,14,10,14,14,7,9,5,10,26,15,37,20,25,32,20,12,9,11,11,13,33,27,30,18,10,16,16,17,11,19,15,14,17,13,17,5,10,13,36,34,21,20,18,14,14,8,5,11,41,11,4,4,25,15,10,12,8,3,8,14,7,7,13,33,45,4,20,33,15,15,112,58,31,13,19,13,56,38,,42,16,28,19,26,20,29,35,19,85,35,13,17,13,15,6,24,3,22,67,21,4,17,11,21,
20161120,2,NO2,44,28,89,43,40,85,50,11,47,32,32,42,71,69,60,29,30,37,56,37,39,49,22,22,44,15,46,24,19,51,24,15,32,73,63,86,45,52,57,11,14,31,66,37,34,22,60,54,52,35,87,31,31,79,32,45,63,57,58,58,41,72,37,9,51,78,54,54,57,59,72,54,62,50,28,44,65,35,17,11,30,45,53,37,29,38,44,45,30,10,37,89,36,25,6,16,15,35,4,12,42,14,31,8,55,43,38,26,32,64,46,73,51,66,23,26,12,17,29,22,23,15,44,62,48,40,94,78,80,102,51,47,36,45,23,26,11,39,11,30,12,52,51,56,44,61,46,38,46,54,67,41,56,50,77,39,72,45,23,24,35,37,21,38,35,29,15,12,29,,7,11,4,60,32,32,35,29,43,36,64,13,27,11,28,32,21,,44,29,60,,83,53,47,66,42,26,61,21,6,61,23,8,13,11,30,17,29,33,36,13,8,5,12,24,7,19,15,25,15,23,25,23,25,16,44,25,46,41,26,31,34,29,26,29,52,39,93,39,11,10,30,23,13,33,51,24,15,12,43,14,60,74,101,84,74,50,35,57,73,44,36,40,18,26,2,9,46,23,21,20,16,23,40,31,6,13,15,13,25,26,10,45,29,19,30,10,29,44,36,50,55,55,25,38,30,26,38,15,24,28,49,11,3,29,52,42,35,24,43,6,20,16,45,10,20,19,18,32,17,18,48,22,40,37,75,22,39,57,31,32,57,60,59,21,83,37,34,46,,62,36,60,13,2,29,23,45,11,55,37,35,68,67,20,18,69,24,77,27,20,11,40,9,18,
20161120,2,NO2_24h,60,57,104,61,36,101,100,24,38,50,53,78,85,54,39,27,30,39,52,92,47,85,62,45,44,24,56,54,51,59,37,39,44,80,78,80,64,65,73,33,25,58,59,42,52,58,61,46,65,41,69,44,39,83,35,51,63,53,50,41,33,79,34,12,58,69,37,42,47,61,68,60,56,52,43,44,49,24,19,39,19,25,58,49,60,55,52,53,38,33,47,67,46,48,13,35,39,31,7,14,44,14,31,9,63,33,47,60,28,57,28,57,58,50,18,25,21,27,20,30,29,24,25,51,49,46,55,100,60,71,47,51,39,48,24,23,15,33,11,37,12,55,38,55,32,56,41,33,40,35,60,49,52,44,59,25,31,36,16,25,46,44,35,46,44,27,33,17,24,,17,20,18,64,65,63,53,45,50,57,67,28,43,42,33,58,56,,27,31,39,,58,29,47,54,40,33,25,17,26,32,23,18,14,14,18,21,18,23,21,21,27,25,21,25,23,20,15,18,25,30,33,32,20,17,43,29,46,60,36,30,52,33,43,42,37,48,48,35,33,26,33,34,23,37,58,32,34,31,38,24,44,85,91,69,60,38,40,40,54,47,38,45,46,37,8,40,39,26,25,43,30,27,47,29,15,23,22,30,20,25,28,35,26,24,29,13,20,39,29,31,33,46,26,46,38,36,29,19,58,35,36,12,23,36,31,35,15,13,33,14,17,17,30,11,21,17,16,23,17,20,44,36,28,31,35,15,39,42,30,32,44,50,52,24,65,26,34,41,,48,24,55,15,15,25,19,29,24,37,24,28,41,40,47,15,48,31,58,40,31,16,30,14,17,
20161120,2,O3,7,36,6,25,22,3,6,66,7,15,36,10,10,3,9,33,35,32,27,50,13,29,29,31,8,15,14,28,37,33,37,60,21,17,28,5,33,21,30,48,62,85,9,5,14,45,20,14,5,26,6,54,12,4,58,41,4,17,8,7,14,4,10,36,4,5,5,8,11,5,9,19,13,15,14,7,10,38,52,44,27,19,9,8,11,,19,9,12,63,16,6,26,28,63,51,45,33,119,44,4,63,5,79,7,14,43,28,14,6,20,21,10,11,12,34,58,39,25,56,32,56,49,48,1,9,12,7,3,7,24,8,9,21,19,33,33,3,74,9,14,5,8,5,5,50,3,26,7,23,4,21,8,7,3,52,9,17,32,53,22,4,28,20,24,25,56,54,30,,67,64,58,4,21,24,19,38,14,18,,34,22,37,30,43,90,,19,36,4,,9,12,7,8,6,2,12,47,57,19,51,56,54,93,14,44,25,10,31,70,72,66,59,46,54,51,43,21,31,42,55,78,41,26,23,15,28,25,41,35,58,12,22,45,15,36,54,11,50,60,3,38,9,2,4,29,37,32,5,30,11,9,5,6,9,13,58,3,4,6,55,29,43,40,58,57,3,47,6,20,33,25,14,15,33,46,25,28,13,7,38,3,14,9,35,18,6,6,36,9,12,5,6,31,67,11,12,24,32,51,31,61,39,38,2,,6,31,32,80,10,27,4,49,38,12,46,4,24,27,9,41,5,20,29,46,4,2,2,25,21,18,1,24,8,42,47,5,,52,76,5,67,28,49,32,27,63,3,8,31,9,8,30,52,22,51,10,33,45,111,8,60,37,
20161120,2,O3_24h,67,63,42,43,48,18,31,78,79,64,76,50,22,52,78,50,77,61,57,57,16,51,42,44,28,15,63,39,37,60,40,63,25,57,233,154,144,56,77,137,143,88,83,106,22,79,107,74,23,46,57,59,13,129,93,86,104,77,79,99,102,125,104,51,39,75,109,94,86,39,99,75,69,34,16,44,84,93,63,46,64,71,136,17,35,11,40,22,40,63,43,21,65,39,65,65,92,128,123,56,68,101,80,100,117,145,150,109,96,36,86,66,54,89,66,44,65,48,62,68,53,57,67,99,4,25,87,14,38,49,67,69,20,61,33,42,45,58,106,40,37,57,108,94,101,145,38,81,80,130,57,69,66,83,64,101,114,100,69,66,48,19,42,57,52,64,75,66,63,,79,67,58,77,47,32,24,64,15,21,65,34,36,56,44,70,114,,54,104,75,,57,106,84,60,77,37,87,64,57,77,96,73,63,102,59,48,60,57,69,85,80,66,80,68,58,68,61,44,58,67,75,89,55,30,49,41,47,51,100,86,62,43,52,49,54,57,93,129,57,103,70,47,79,85,38,94,64,105,45,101,81,15,24,18,54,84,71,41,108,15,81,39,46,42,62,59,38,95,39,38,72,30,61,77,58,71,28,103,60,59,62,71,159,82,90,51,86,94,135,106,112,100,51,68,75,39,113,78,63,119,102,99,39,102,81,61,74,113,124,93,77,93,89,101,82,84,83,85,82,75,82,82,83,48,94,81,54,98,28,87,87,93,74,85,82,89,89,83,,112,127,83,112,28,90,111,101,87,66,48,69,77,130,37,67,83,95,143,97,53,130,69,67,45,
20161120,2,O3_8h,6,35,6,30,22,4,5,66,6,16,37,11,10,4,10,38,37,26,26,40,13,21,31,24,10,15,11,26,30,37,38,62,21,18,23,7,31,22,31,50,64,79,10,6,14,25,20,16,5,29,6,56,10,4,61,45,6,21,8,10,23,3,11,37,5,5,5,13,9,5,10,23,14,15,13,7,8,36,53,44,27,17,11,7,13,,27,10,12,61,22,6,33,31,63,52,44,38,120,46,4,67,4,75,7,21,46,31,15,6,22,21,10,12,13,34,60,38,29,56,36,55,45,48,1,8,13,9,3,7,25,10,10,20,21,30,26,3,76,9,13,5,9,5,5,50,5,24,9,25,5,20,9,7,3,61,17,17,32,54,29,4,30,22,28,24,55,53,35,,65,65,55,4,18,23,21,34,14,19,,25,20,42,30,43,93,,18,36,4,,11,12,7,7,8,2,15,48,57,24,52,56,54,95,14,45,29,7,26,68,74,65,61,51,54,48,40,24,34,41,58,74,42,26,22,18,27,27,41,32,56,13,22,45,14,41,53,12,51,61,3,34,6,2,3,26,38,32,6,35,11,8,4,6,9,15,50,3,4,5,48,25,44,40,57,58,3,51,6,19,31,26,13,17,33,51,17,29,13,8,35,3,13,12,36,19,9,7,37,9,19,4,5,31,68,10,15,23,30,54,36,59,26,35,2,,6,41,36,79,12,26,5,50,37,11,49,4,24,28,8,44,4,17,35,50,4,2,2,23,23,20,2,34,8,44,49,5,,51,76,4,70,25,58,32,24,60,3,9,33,9,14,26,52,17,44,9,34,44,112,10,59,38,
20161120,2,O3_8h_24h,6,36,6,34,22,4,5,66,6,17,39,11,10,5,11,42,40,26,26,40,13,21,33,24,11,15,11,27,30,41,39,63,22,19,24,9,32,23,33,53,66,79,12,6,14,25,21,18,6,31,6,59,10,4,65,48,7,25,8,13,24,3,12,40,5,5,5,17,9,6,10,28,15,16,13,7,8,37,53,44,28,18,14,7,15,,34,12,12,61,27,7,40,34,63,54,44,41,122,49,5,70,4,75,9,28,49,34,17,6,24,22,10,13,15,35,62,38,33,57,39,55,46,48,1,8,13,11,4,7,27,11,10,21,24,30,27,3,79,9,13,5,11,6,5,51,7,24,11,28,5,20,9,7,4,70,25,17,35,57,36,4,32,23,32,24,55,53,42,,65,66,55,4,18,23,23,34,14,19,,25,20,46,31,44,95,,18,36,4,,14,13,7,7,9,2,18,50,57,30,53,56,54,97,14,46,33,7,27,68,76,65,64,56,55,48,40,27,39,41,62,74,43,26,23,22,27,30,42,32,57,15,22,45,14,46,55,13,53,62,3,34,6,2,3,26,40,32,6,40,11,9,4,6,9,17,50,3,4,5,48,25,46,40,57,59,3,56,6,19,31,27,10,18,33,57,17,30,13,9,35,3,13,14,37,20,13,8,38,10,26,4,5,32,68,10,19,24,30,60,42,59,26,35,2,1,6,50,41,79,13,27,5,52,37,11,53,4,25,30,8,47,5,17,43,54,4,2,2,23,24,22,2,45,9,46,52,6,,51,76,4,74,25,67,33,24,60,2,10,36,9,19,26,53,17,44,9,35,44,112,13,59,40,
20161120,2,CO,1.15,0.90,4.05,1.65,0.58,4.40,1.28,0.43,1.05,1.37,1.07,1.40,2.88,2.16,1.42,0.46,0.89,1.06,1.20,1.30,1.43,1.39,0.98,1.20,1.64,1.30,1.63,1.07,1.37,1.60,1.20,0.63,1.50,1.42,1.04,1.20,1.65,1.40,1.40,0.50,1.10,0.90,1.37,0.70,1.38,0.72,0.57,2.13,1.53,0.54,2.99,1.50,1.18,1.34,0.73,0.65,1.00,0.70,0.97,1.24,1.04,1.20,0.74,0.53,1.59,2.27,1.18,1.28,1.37,2.09,1.65,1.00,1.20,1.15,1.17,1.16,2.64,0.74,0.45,1.02,0.63,1.20,0.97,0.97,0.97,2.80,0.97,1.63,1.02,0.34,0.90,2.25,1.57,1.00,0.43,0.77,0.72,1.07,0.63,0.67,1.10,1.07,0.85,1.00,1.30,1.40,1.30,0.90,1.93,3.07,1.60,2.94,4.58,1.62,1.67,0.87,0.50,0.52,1.16,0.74,0.97,0.48,0.90,2.07,1.52,1.37,4.37,8.35,3.20,5.37,2.30,1.13,1.52,1.15,1.26,1.50,1.40,1.10,0.60,0.93,0.60,1.23,1.54,1.26,0.97,1.90,1.47,1.16,1.10,1.00,1.40,1.20,2.07,1.16,1.43,1.10,1.00,1.10,1.60,1.30,0.90,1.65,0.40,0.70,0.45,0.40,0.35,0.50,0.65,,0.50,0.35,0.20,1.67,1.05,1.25,1.05,1.15,1.35,1.47,2.35,1.45,1.45,0.85,1.40,1.10,1.20,,1.30,0.93,2.95,,2.50,1.12,1.60,1.95,2.00,1.00,1.80,0.77,,1.60,1.05,0.40,0.40,0.75,0.78,0.53,0.40,1.00,0.73,0.30,1.55,0.35,0.70,0.50,1.13,1.03,0.47,1.13,0.40,0.53,0.50,0.70,0.80,0.70,1.32,1.25,2.13,1.33,0.97,1.27,1.05,0.95,1.60,0.93,2.15,1.30,1.90,1.15,0.77,0.43,0.73,0.50,0.65,2.30,0.83,0.80,0.95,0.70,1.25,1.15,1.15,4.80,3.88,3.13,2.93,1.80,1.98,2.13,1.93,1.70,1.70,1.95,1.37,1.00,1.20,1.30,1.47,1.63,1.50,1.40,1.18,0.90,1.10,0.90,1.33,1.55,1.00,0.52,0.80,0.87,0.50,1.15,0.80,0.75,0.95,0.75,0.70,1.30,0.73,1.17,1.27,0.73,1.87,1.70,0.77,0.90,1.10,0.30,0.50,0.85,0.82,0.55,0.75,0.80,1.35,0.70,0.70,1.10,1.20,0.10,0.30,0.60,1.00,0.33,0.55,0.95,0.35,0.80,0.70,0.50,1.00,0.40,1.10,1.50,1.75,0.35,1.77,2.70,1.35,0.60,1.30,1.55,1.30,0.70,1.70,0.65,0.75,0.95,,1.90,0.90,2.00,0.80,,0.50,1.30,0.90,0.40,1.67,1.20,0.55,2.80,1.95,1.50,1.50,1.40,1.00,4.10,1.60,1.07,0.60,1.40,1.60,0.10,
20161120,2,CO_24h,1.68,2.30,3.35,2.90,0.76,3.23,3.03,0.57,0.97,2.37,2.57,3.05,2.67,1.71,1.18,0.52,0.90,1.13,0.91,1.70,1.86,1.73,1.67,1.60,1.34,1.50,1.56,1.70,1.83,1.70,1.28,1.07,1.45,1.44,1.09,1.00,1.70,1.40,1.60,0.73,0.93,0.95,1.73,0.85,1.67,0.98,0.80,2.02,1.86,0.96,2.39,1.49,1.24,1.18,0.81,0.70,0.99,0.77,0.90,1.12,0.98,1.33,0.87,0.53,1.36,1.63,0.80,1.18,0.98,2.05,1.45,1.85,0.90,1.50,1.15,1.36,1.86,0.56,0.42,1.70,0.73,0.98,1.20,1.73,2.53,2.60,1.83,2.08,1.10,0.82,1.67,1.75,1.30,1.33,0.60,1.53,1.30,1.12,0.67,0.83,1.25,0.90,1.00,1.20,1.35,1.40,1.48,1.30,1.73,2.57,1.25,2.28,4.35,1.45,0.85,0.85,0.65,0.92,0.84,1.08,1.02,0.60,0.82,2.03,1.75,1.53,2.53,5.15,2.50,3.10,1.73,1.33,1.40,1.35,1.32,1.50,1.70,1.10,0.57,1.02,0.60,1.20,1.36,1.76,0.63,1.53,1.23,1.04,1.03,0.95,1.50,1.67,1.73,1.34,1.57,1.00,0.70,0.87,1.38,1.27,1.60,1.75,0.85,1.00,1.10,0.70,0.90,0.75,0.95,,0.65,0.60,0.50,1.50,1.50,1.70,1.75,1.70,1.60,1.70,1.50,1.90,1.90,1.55,1.20,1.20,1.45,,1.10,1.13,2.33,,2.34,0.72,2.03,1.77,1.85,0.85,0.90,0.60,0.40,0.35,0.45,0.67,0.25,0.60,0.62,0.55,0.27,0.75,0.70,0.30,1.70,1.30,0.75,0.65,1.83,0.87,0.53,0.53,0.45,0.50,0.50,0.75,0.70,0.70,1.20,1.25,1.47,1.58,1.17,1.03,1.35,1.10,1.30,1.05,1.80,1.40,1.47,1.10,1.53,1.03,0.87,1.00,1.02,2.38,1.50,0.95,1.25,0.82,1.42,1.15,1.10,5.13,3.10,2.67,2.23,1.30,1.58,1.40,1.43,1.84,1.60,1.73,1.70,1.07,1.50,1.50,1.50,1.77,1.55,1.86,1.40,1.07,1.20,0.65,1.30,1.85,1.50,0.85,0.80,1.00,1.07,1.10,0.70,0.80,0.90,0.95,0.65,1.33,0.77,0.95,1.10,0.73,1.53,1.70,1.03,1.25,1.00,0.55,0.65,1.00,0.65,0.55,1.20,0.95,1.20,0.70,0.40,1.05,1.10,0.45,0.35,0.70,0.95,0.27,0.55,0.75,0.40,0.80,0.75,0.95,1.50,0.60,0.80,1.40,0.95,0.25,1.83,1.97,1.40,0.90,1.00,1.15,1.00,0.60,1.30,0.60,0.80,0.95,,1.65,1.20,1.60,0.80,0.50,0.50,1.00,0.50,0.80,1.27,1.00,0.60,1.55,1.20,1.50,1.20,1.15,1.10,2.23,2.25,1.40,0.80,1.00,1.65,0.50,
20161120,3,AQI,99,53,327,55,42,191,98,58,64,58,69,78,246,130,68,33,51,47,86,75,46,63,104,61,133,120,71,83,99,153,79,52,125,115,115,115,101,88,123,55,83,121,133,59,43,21,69,74,104,56,266,116,39,69,41,37,63,51,67,66,72,88,42,34,111,191,93,89,96,166,132,135,84,41,46,61,103,40,47,43,31,51,104,106,73,181,53,79,100,43,68,120,116,61,36,43,30,94,49,55,69,63,54,53,60,110,101,55,54,252,78,139,258,116,71,53,27,41,50,60,84,51,56,104,37,84,281,265,239,304,221,103,89,96,59,68,74,84,54,39,26,141,125,75,169,253,213,106,113,64,194,83,79,114,161,112,82,76,41,50,57,135,50,65,39,39,37,38,52,,26,36,35,81,70,91,96,84,37,149,89,64,74,86,129,135,115,,50,139,200,,163,86,77,132,92,143,93,41,23,58,35,20,17,57,55,41,56,71,63,39,30,36,39,37,34,39,46,60,29,46,50,51,80,20,103,91,159,47,47,48,76,120,190,56,136,70,94,85,14,18,51,17,63,49,98,94,30,64,118,96,88,221,257,239,184,227,203,139,231,78,113,254,94,106,103,70,71,126,75,28,55,62,34,103,55,37,71,24,41,55,27,41,100,40,68,35,64,105,88,119,113,123,91,81,78,53,80,34,35,47,84,34,59,121,71,60,73,44,110,24,48,21,39,48,47,59,21,57,32,58,57,39,108,58,64,21,119,125,83,110,122,113,113,59,91,54,98,87,,94,124,181,45,54,54,82,52,33,119,91,74,75,59,44,34,130,197,257,111,36,34,43,28,22,
20161120,3,PM2.5,74,37,277,38,28,144,73,16,28,41,50,57,196,99,35,23,36,33,64,55,29,45,78,44,101,80,52,61,74,117,51,28,95,87,87,87,76,65,93,34,61,92,101,40,30,14,47,53,78,28,216,88,27,48,26,25,45,28,42,42,42,65,23,12,84,144,55,42,53,126,67,54,57,29,29,35,64,9,33,30,21,31,78,80,53,137,25,58,75,16,48,91,88,44,14,14,21,70,34,39,45,45,32,37,43,83,76,30,24,202,41,106,208,66,52,37,19,29,35,24,62,25,40,78,19,62,231,215,189,254,171,59,66,72,42,43,54,62,27,27,8,108,95,43,128,203,163,80,85,33,146,39,29,68,123,56,51,44,29,27,40,103,30,47,23,20,17,14,27,,12,10,9,60,51,68,72,62,26,114,66,46,54,64,86,103,87,,34,106,150,,124,57,49,96,68,94,54,28,16,10,9,14,11,21,39,27,40,46,37,27,21,25,27,22,22,26,32,31,19,32,26,34,59,4,77,68,121,33,33,23,56,91,143,40,104,51,70,63,8,9,29,12,45,34,73,70,21,46,89,72,65,171,207,189,139,177,153,106,181,57,85,204,70,80,77,51,52,96,55,18,39,35,15,77,32,19,52,15,27,33,15,25,75,28,49,23,46,39,65,90,85,93,37,60,57,35,53,15,20,28,62,23,30,92,32,43,53,19,83,11,31,13,17,30,33,42,15,8,10,25,17,10,81,41,37,7,83,74,61,55,59,70,74,42,39,25,44,62,,51,83,88,21,23,27,41,28,23,90,57,28,33,39,20,24,87,60,200,50,25,14,30,13,15,
20161120,3,PM2.5_24h,108,110,257,126,48,199,209,22,35,80,99,167,187,75,41,23,29,45,54,111,53,67,87,97,76,73,72,77,62,77,71,64,95,107,103,74,103,85,87,51,48,73,113,60,51,46,69,55,106,75,185,55,41,64,32,27,61,33,46,53,44,89,41,14,75,95,38,35,49,122,82,78,45,51,40,48,75,41,27,54,20,35,75,99,139,171,86,77,71,34,102,80,90,117,24,76,62,55,37,49,58,44,48,47,69,78,93,94,21,166,34,93,177,79,38,33,24,42,37,48,45,47,27,70,41,70,159,290,174,206,149,74,68,54,39,32,45,59,28,45,11,74,82,42,94,118,109,62,71,25,132,72,41,74,133,37,24,38,22,26,97,115,64,90,76,41,54,19,39,,24,25,17,75,84,85,78,89,41,120,63,65,58,80,89,105,78,,32,78,99,,117,53,78,95,71,88,35,30,37,32,19,29,15,22,23,26,28,36,37,33,54,74,30,45,71,29,31,23,20,24,30,32,35,13,52,45,89,60,52,27,47,71,88,31,110,63,64,59,35,35,30,33,56,73,85,60,54,73,77,56,65,267,199,188,134,141,92,102,127,65,52,85,63,48,52,39,53,59,45,75,67,28,39,64,41,34,49,80,27,45,63,55,65,62,44,45,35,38,53,81,70,83,35,58,78,38,50,22,27,32,52,22,25,81,19,35,31,15,51,11,26,13,25,27,26,25,13,24,14,21,45,19,62,62,24,14,88,67,54,66,68,60,70,51,38,27,42,69,,39,61,100,24,54,27,37,18,24,55,40,37,41,29,36,16,85,49,126,53,44,20,20,18,26,
20161120,3,PM10,,43,384,60,42,305,95,66,78,60,68,103,328,196,85,29,49,34,77,,46,,132,46,145,190,80,110,104,164,108,54,100,147,136,135,99,84,142,60,87,159,123,67,35,21,87,98,126,61,241,96,,88,41,37,67,52,83,82,93,93,42,34,129,247,136,128,141,251,213,220,117,22,46,72,155,40,43,42,31,52,90,101,90,209,55,86,97,43,85,126,109,67,36,43,,123,47,60,87,74,57,53,61,113,105,60,58,263,106,165,288,181,88,50,26,37,48,69,73,52,57,135,37,,354,354,221,409,206,155,95,92,65,86,77,86,57,35,26,156,141,100,227,220,233,122,144,77,230,115,108,178,254,174,113,102,40,50,64,170,50,60,39,39,37,38,54,,26,36,35,111,77,88,106,86,,135,93,57,92,82,207,145,110,,50,137,245,,181,122,103,214,133,236,136,41,18,65,35,16,17,64,56,41,48,92,76,32,23,31,34,37,34,39,38,70,29,41,50,52,70,20,107,102,134,45,38,48,68,123,,58,123,,103,93,8,15,52,15,71,44,140,84,28,69,147,98,116,277,325,238,195,239,230,218,279,92,108,220,95,92,107,65,69,134,79,28,55,74,34,119,59,37,91,24,41,59,27,41,104,39,65,35,64,160,90,115,124,124,131,96,99,55,109,34,35,47,113,34,68,109,92,69,87,44,104,17,48,21,39,48,46,58,18,64,32,66,64,39,114,47,77,21,187,199,88,169,193,176,176,48,132,58,145,124,,138,197,312,45,58,57,113,54,33,155,131,98,99,68,44,,209,343,390,172,36,27,,28,22,
20161120,3,PM10_24h,,170,386,177,69,365,300,111,79,119,127,274,278,139,114,30,39,56,72,136,98,129,159,169,120,105,121,120,105,110,121,105,107,169,161,131,151,120,138,93,81,129,141,86,88,103,118,102,146,123,219,76,58,105,47,41,93,52,70,77,80,148,61,33,112,158,73,99,150,258,305,346,117,61,68,87,223,163,34,78,29,47,153,147,196,271,123,116,129,50,153,113,112,151,39,109,107,93,54,70,100,66,77,59,99,110,144,151,47,210,96,134,273,152,62,51,38,50,42,107,54,73,50,123,67,102,262,486,213,297,208,172,93,87,59,69,68,82,47,67,27,123,118,96,154,160,172,88,122,77,282,179,147,202,248,109,70,133,34,60,135,165,94,111,98,59,84,34,56,,31,39,36,158,135,133,156,152,71,171,91,116,86,121,149,154,110,,49,108,151,,157,99,153,189,152,203,95,43,50,119,62,34,36,66,35,35,37,54,63,41,81,104,54,61,76,42,55,40,32,35,71,38,57,26,80,71,99,95,77,56,66,96,91,50,126,86,87,88,70,61,59,59,102,125,146,95,88,111,124,79,111,445,286,251,187,193,145,166,177,131,81,96,98,77,77,57,87,83,66,98,88,56,62,96,72,57,95,117,39,64,78,86,106,95,74,50,56,154,74,112,93,117,107,102,133,61,106,55,48,53,94,32,74,107,67,57,55,33,87,23,46,32,38,47,43,44,27,51,33,57,94,42,85,67,51,33,161,240,83,234,213,207,155,97,128,87,128,213,,114,181,459,81,155,74,105,49,67,121,84,90,114,62,117,24,287,216,277,169,53,39,19,40,36,
20161120,3,SO2,5,13,47,35,21,66,39,6,13,6,20,27,50,138,27,48,25,47,42,13,9,16,16,13,16,11,22,13,13,16,9,11,12,17,12,12,25,15,19,11,11,12,17,8,13,5,20,21,19,17,30,10,13,18,7,12,14,17,19,16,11,15,9,5,19,28,15,24,7,29,30,24,61,19,19,13,29,13,7,11,38,56,12,11,23,27,21,25,17,16,25,31,32,16,6,22,9,33,8,9,13,12,10,9,11,32,25,9,33,41,86,72,165,59,31,35,11,21,47,16,16,14,12,14,9,14,42,50,40,35,37,16,13,14,10,8,12,12,10,9,2,14,16,21,16,24,18,11,12,23,23,19,40,25,22,23,10,97,7,4,23,18,9,11,14,17,9,8,58,,3,5,6,9,15,18,30,15,14,19,14,8,22,10,7,9,24,,29,10,19,,86,84,139,58,63,63,84,11,2,39,26,6,24,15,31,55,11,70,10,14,11,7,9,5,7,14,12,17,6,12,6,24,11,1,12,11,18,17,15,9,6,25,16,14,12,24,24,11,7,8,11,4,6,24,36,19,11,22,31,8,34,38,28,36,27,11,20,11,15,14,20,13,8,14,6,6,5,10,19,6,23,27,35,18,6,8,7,8,9,10,19,17,15,10,7,18,42,19,9,15,60,12,21,12,23,4,11,17,32,34,20,33,13,8,39,9,13,9,46,9,4,3,15,69,10,13,7,2,7,5,6,5,9,24,64,4,26,39,22,10,69,32,37,6,15,8,27,12,,23,12,20,18,10,16,18,26,17,47,71,9,16,12,8,4,23,1,13,109,10,2,5,9,15,
20161120,3,SO2_24h,8,17,49,40,14,69,45,14,11,9,21,36,36,84,31,34,19,35,46,23,14,20,32,24,16,16,20,21,18,16,12,14,14,15,17,27,25,16,18,18,11,17,39,13,12,9,24,17,23,25,31,9,14,21,8,13,17,17,16,14,9,22,13,4,17,17,13,28,9,24,24,27,102,19,18,20,37,8,10,37,17,74,23,17,27,23,23,36,23,22,36,23,32,29,7,35,20,19,8,10,13,11,14,8,17,23,30,18,28,25,47,71,224,66,36,26,13,30,44,29,45,19,19,21,14,26,36,57,30,33,34,23,12,19,13,9,12,11,10,9,3,13,20,48,23,17,19,10,14,21,24,25,48,14,29,67,12,119,7,7,26,18,14,21,24,20,12,8,20,,5,7,7,15,19,29,30,28,16,24,20,20,27,29,7,10,29,,14,13,22,,69,59,141,65,75,78,30,9,5,32,25,8,21,17,39,21,8,52,13,27,25,32,15,16,19,11,12,18,7,15,5,35,15,13,11,16,18,21,19,11,13,23,14,14,15,19,28,14,14,22,14,7,11,47,67,49,26,31,33,10,45,54,24,17,35,14,18,12,21,17,14,11,13,14,7,8,5,10,26,15,35,19,26,31,20,12,10,11,11,12,32,26,30,17,10,15,16,17,11,19,17,14,18,13,17,5,10,13,37,34,22,21,17,14,15,8,6,11,41,11,4,4,25,17,10,12,8,3,8,14,7,7,13,32,46,4,20,34,15,14,114,59,32,13,19,13,57,38,,42,16,28,19,26,20,29,35,19,86,37,13,17,13,15,6,24,3,22,70,20,4,16,11,21,
20161120,3,NO2,46,30,83,39,30,87,42,9,44,31,33,35,69,66,57,36,34,32,57,31,30,45,21,29,45,15,46,25,22,38,18,15,29,74,50,76,43,65,68,10,17,30,64,36,33,12,61,50,51,36,84,25,25,75,32,44,62,63,61,56,40,63,35,9,50,68,51,55,51,58,69,55,59,45,21,38,50,39,19,13,27,41,43,38,34,32,48,44,29,7,40,85,42,31,6,13,14,36,5,9,39,12,31,12,48,39,40,43,31,72,43,67,46,68,23,29,14,15,30,16,24,14,20,59,44,32,89,67,80,100,50,45,34,36,36,21,11,33,11,28,9,51,44,52,37,54,43,35,42,50,61,42,53,49,57,30,55,46,18,14,32,38,21,40,30,23,16,16,28,,7,11,5,36,26,27,38,23,36,37,55,10,24,12,27,31,20,,53,26,60,,79,52,44,60,37,27,60,15,5,54,21,9,12,11,33,21,28,37,28,10,6,6,11,17,7,20,11,28,12,21,17,17,27,16,40,29,49,43,32,31,20,29,44,36,48,32,91,35,15,11,28,25,10,30,42,19,15,11,43,23,55,69,103,88,61,47,32,59,69,41,31,33,16,28,2,9,30,21,16,15,13,22,35,28,7,13,7,11,21,27,16,46,26,15,27,8,26,43,30,40,55,49,22,34,28,25,39,12,45,33,48,10,2,23,48,36,37,25,42,5,19,16,36,13,23,18,15,29,15,16,40,26,42,32,50,13,37,55,28,29,57,57,59,15,79,21,28,46,,59,36,62,11,2,32,19,33,9,61,47,35,59,65,21,12,50,20,52,25,14,13,24,7,13,
20161120,3,NO2_24h,59,54,104,58,35,100,98,22,37,48,52,77,86,54,41,27,31,39,53,90,47,84,60,45,44,23,55,53,50,59,36,38,43,80,78,81,63,66,73,32,25,57,60,42,51,56,61,46,65,40,71,43,38,82,35,50,63,53,50,41,33,78,34,12,58,70,38,42,47,62,68,61,58,52,42,43,50,25,19,39,19,26,57,48,59,54,50,52,38,31,46,67,46,48,13,34,36,31,7,14,44,14,30,9,63,33,46,59,28,58,29,58,58,50,19,25,20,26,21,29,29,24,25,52,48,46,57,100,62,73,48,50,39,48,24,23,15,33,11,37,12,56,38,55,33,57,42,34,41,34,61,48,54,44,60,26,33,37,17,25,44,43,35,45,43,27,31,17,24,,16,20,17,63,64,62,53,44,49,56,67,27,43,40,33,58,54,,29,31,40,,60,31,47,54,39,34,28,17,24,33,23,17,14,14,19,20,18,24,22,20,26,24,21,26,22,21,15,19,25,30,33,32,21,17,43,29,46,59,36,30,51,33,43,42,37,48,51,35,32,25,32,34,23,37,57,32,33,30,39,24,45,85,93,71,61,39,40,39,55,47,38,44,45,37,8,39,39,26,25,42,30,27,47,28,15,23,22,29,20,25,27,35,26,24,29,13,20,39,30,32,34,48,26,46,37,36,30,20,58,35,37,12,22,35,33,36,16,14,33,14,17,17,30,11,20,17,16,24,17,20,45,35,28,30,35,15,40,44,31,32,45,52,52,24,67,26,34,42,,50,24,56,15,15,24,19,29,23,39,25,29,42,41,45,15,47,31,57,40,30,16,30,14,17,
20161120,3,O3,8,32,6,28,30,4,10,66,8,15,32,17,10,3,9,25,31,36,29,52,25,37,32,27,7,14,11,27,30,42,39,50,18,13,38,6,35,4,19,48,61,82,12,5,16,57,20,12,5,28,5,53,16,4,52,40,3,11,5,5,12,3,9,31,5,5,5,7,12,5,9,16,15,19,21,7,23,33,46,43,30,24,20,7,15,,18,10,10,65,13,6,22,22,64,56,49,32,112,45,4,66,3,70,9,14,34,15,14,6,14,16,9,8,10,30,53,40,24,65,29,56,43,47,,13,13,8,2,7,20,9,9,33,10,40,36,3,70,8,18,5,7,4,5,52,3,24,6,24,4,22,7,6,3,48,22,14,37,60,25,4,28,18,29,28,55,47,39,,69,67,56,16,30,22,9,40,25,18,4,43,25,31,24,38,83,,11,39,4,,8,10,7,9,5,2,12,50,58,17,51,55,52,92,11,37,25,6,36,77,77,64,61,49,54,50,48,20,31,50,76,86,35,27,27,10,27,28,36,30,72,10,20,37,14,38,52,11,45,56,2,35,11,1,7,28,34,31,5,13,10,7,4,5,15,15,54,2,6,7,62,32,43,36,53,56,23,40,7,20,43,26,13,17,33,39,25,26,20,9,32,3,11,15,34,19,6,6,37,16,8,5,5,27,64,11,7,25,38,40,32,59,42,49,3,3,6,26,28,77,9,27,7,44,32,12,47,3,23,25,15,32,1,16,39,53,4,2,2,28,17,18,1,32,8,62,55,7,,53,78,4,72,29,33,35,35,65,2,5,29,14,10,31,57,38,53,15,31,49,110,31,65,39,
20161120,3,O3_24h,67,63,42,43,48,18,31,78,79,64,76,50,22,52,78,50,70,61,57,65,25,51,42,44,28,15,63,39,37,60,40,63,25,57,233,154,144,56,77,137,143,88,83,106,22,80,107,74,23,45,57,60,17,129,93,86,104,77,79,99,102,125,104,51,37,75,109,94,86,39,99,75,69,33,21,44,84,93,63,48,64,71,136,17,35,11,40,22,40,65,43,21,65,39,65,65,94,128,123,56,68,101,80,100,117,145,150,109,96,36,86,66,54,89,66,44,65,43,62,69,53,58,67,99,4,24,87,14,38,49,67,69,20,61,33,42,49,58,106,40,37,57,108,94,101,145,34,81,80,130,57,69,66,83,64,101,114,99,69,67,48,19,42,57,52,64,75,66,63,,75,67,59,77,47,32,24,64,25,21,65,43,36,56,44,70,114,,53,104,75,,53,106,84,60,77,37,87,64,58,77,96,73,60,102,59,48,60,57,69,85,80,66,80,68,58,68,61,44,58,67,76,94,55,30,49,41,47,51,100,86,72,43,52,49,54,57,93,129,57,103,70,47,79,85,38,94,64,105,43,101,81,15,24,18,54,84,71,42,108,15,81,39,46,42,62,59,38,95,39,38,72,30,53,77,58,71,28,103,60,59,62,71,159,82,90,51,86,94,135,106,112,100,51,68,75,39,113,78,63,119,102,99,42,102,81,61,74,113,124,93,77,93,89,101,82,84,83,85,82,75,82,82,83,48,94,81,54,98,28,87,87,93,74,85,82,89,89,83,,112,127,83,112,29,90,111,101,87,61,48,69,77,130,37,67,83,95,143,97,54,130,69,67,45,
20161120,3,O3_8h,7,34,6,29,24,3,6,66,7,15,36,13,10,4,9,34,35,29,27,44,17,27,31,25,9,15,11,26,30,39,38,58,20,16,28,7,33,16,27,49,63,80,11,5,15,36,20,15,5,28,6,55,12,4,58,43,5,18,7,8,22,3,10,35,5,5,5,11,10,5,9,20,14,17,16,7,13,35,50,45,28,20,15,7,14,,24,10,11,62,19,6,29,28,63,53,46,36,118,46,4,66,4,73,8,18,42,25,15,6,19,20,10,11,13,33,58,39,27,59,33,56,45,47,1,10,13,9,3,7,24,9,10,25,17,33,29,3,74,8,15,5,8,5,5,51,4,24,8,25,4,21,8,7,3,57,19,16,34,56,27,4,29,20,28,26,55,51,37,,66,66,55,8,22,22,17,36,18,18,1,31,22,38,28,41,89,,16,37,4,,10,11,7,7,7,2,14,49,57,22,51,55,53,94,13,43,28,7,30,71,75,65,61,50,54,49,43,23,34,44,64,78,40,26,24,15,27,28,39,31,61,12,21,42,14,40,52,11,49,59,2,34,8,2,4,27,37,32,5,28,10,8,4,5,11,15,51,2,4,5,53,28,44,38,56,57,9,48,6,20,35,26,11,16,33,47,20,27,15,8,34,3,13,12,35,19,9,6,37,11,16,4,6,30,66,10,12,24,32,49,35,59,31,39,2,1,6,36,33,78,11,26,5,48,36,11,48,3,24,27,10,40,3,17,36,51,4,2,2,25,21,19,1,34,8,50,51,6,,52,76,4,71,26,50,33,27,62,2,8,32,11,12,28,54,24,47,11,33,45,111,17,61,39,
20161120,3,O3_8h_24h,7,36,7,34,25,4,6,66,7,17,39,13,10,4,11,42,40,29,27,45,17,27,33,25,11,15,12,28,30,41,39,63,22,19,29,9,34,23,33,53,66,80,12,6,15,36,21,18,6,32,6,59,12,4,65,49,7,25,8,13,24,3,12,40,5,5,6,17,10,6,10,28,15,17,16,7,13,37,53,46,29,20,15,7,15,,34,12,12,62,27,7,40,34,63,54,46,41,122,49,5,70,4,75,9,28,49,34,18,6,24,23,10,13,15,35,62,39,33,59,39,56,47,48,1,10,13,11,4,7,27,11,10,25,24,33,31,3,79,9,15,5,11,6,5,51,7,24,11,28,5,21,9,7,4,70,25,17,37,58,36,4,32,23,32,26,55,53,42,,66,66,56,8,22,23,23,36,18,20,1,31,22,46,31,44,95,,18,37,4,,14,13,7,8,9,2,18,51,57,30,53,56,54,97,14,46,33,8,30,71,77,65,64,56,55,49,43,27,40,44,64,78,43,26,24,22,27,31,42,33,61,15,22,45,14,46,55,13,53,62,3,34,8,2,4,27,40,32,6,40,11,9,4,6,11,17,52,2,4,6,53,28,46,40,57,59,9,56,6,20,35,27,11,18,33,57,20,30,16,9,35,3,14,14,37,20,14,8,38,13,26,4,6,32,68,10,19,24,33,60,42,60,31,39,2,1,6,50,42,79,13,27,5,52,37,11,53,4,26,30,10,47,5,17,46,54,4,2,2,25,24,22,2,45,9,50,54,6,,52,76,4,74,26,67,33,27,62,2,10,36,12,19,28,54,24,47,11,35,45,112,17,61,40,
20161120,3,CO,0.95,0.89,4.03,1.68,0.50,4.38,1.17,0.43,0.90,1.10,0.90,1.40,4.28,2.33,1.17,0.51,1.05,0.98,1.13,1.11,1.36,1.33,1.07,1.50,1.68,1.30,1.63,1.17,1.40,1.43,1.02,1.00,1.40,1.55,0.97,1.15,1.60,1.70,1.50,0.47,1.17,0.90,1.30,0.75,1.41,0.50,0.67,2.12,1.50,0.50,2.98,1.33,1.12,1.26,0.74,0.63,0.96,0.73,1.07,1.22,1.04,1.20,0.74,0.53,1.58,2.32,1.16,1.14,1.13,2.11,1.63,1.10,1.15,1.03,1.10,1.08,2.24,0.74,0.57,0.77,0.60,1.15,0.97,1.02,0.90,2.60,0.83,1.38,0.94,0.34,0.87,2.30,1.37,0.97,0.37,0.73,0.72,1.10,0.63,0.67,1.05,1.03,0.85,0.90,1.15,1.30,1.27,0.90,2.03,3.07,1.68,3.74,4.10,1.70,1.72,0.80,0.52,0.55,1.20,0.70,1.13,0.50,0.96,2.00,1.43,1.26,4.37,9.25,3.20,5.33,2.27,1.13,1.50,1.15,1.28,1.50,1.43,1.07,0.63,0.93,0.60,1.25,1.48,1.34,0.93,1.77,1.47,1.12,1.10,1.00,1.30,1.10,1.70,1.31,1.37,0.95,0.80,1.10,1.48,1.20,0.80,1.60,0.40,0.60,0.40,0.40,0.35,0.50,0.60,,0.40,0.35,0.20,1.23,1.00,1.10,2.15,1.15,1.25,1.47,2.00,1.40,1.30,0.95,1.40,1.10,1.15,,1.40,0.88,3.02,,3.58,1.20,1.43,2.30,2.00,0.95,1.93,0.67,,1.10,1.10,0.40,0.40,0.75,0.80,0.60,0.45,1.05,0.70,0.20,1.45,0.45,0.75,0.45,1.13,1.00,0.30,1.07,0.30,0.47,0.40,0.55,0.85,0.70,1.53,1.35,1.97,1.28,0.93,1.13,1.00,1.00,1.80,0.97,2.05,1.20,1.77,1.10,0.87,0.43,0.73,0.50,0.63,1.52,1.05,0.85,0.95,0.60,1.28,1.33,1.15,4.50,4.30,3.17,2.67,1.70,1.96,2.40,1.90,1.54,1.70,2.05,1.30,1.07,1.10,1.20,1.33,1.67,1.40,1.30,1.13,0.87,1.10,0.93,1.38,1.55,1.00,0.65,0.77,0.90,0.67,1.10,0.75,0.75,0.95,0.75,0.75,1.30,0.87,1.15,1.33,0.70,1.67,1.47,0.67,1.00,1.05,0.25,0.75,0.90,0.92,0.55,0.75,0.70,1.45,0.70,0.60,1.05,1.25,0.10,0.30,0.60,0.80,0.37,0.50,0.80,0.35,0.70,0.70,0.40,0.85,0.45,1.20,1.50,1.00,0.30,1.70,2.90,1.40,0.60,1.20,1.40,1.40,0.40,1.70,0.40,0.70,1.00,,1.80,0.80,2.50,0.80,,0.50,1.20,0.70,0.40,2.03,1.30,0.60,2.55,3.05,0.80,1.60,1.15,0.80,2.23,1.70,1.00,0.60,1.40,1.55,0.20,
20161120,3,CO_24h,1.56,2.16,3.38,2.72,0.76,3.27,2.98,0.50,0.88,2.23,2.47,2.95,2.72,1.66,1.18,0.51,0.91,1.11,0.93,1.66,1.84,1.70,1.63,1.60,1.34,1.50,1.56,1.70,1.83,1.70,1.28,1.07,1.45,1.44,1.10,1.00,1.70,1.40,1.60,0.73,0.97,0.95,1.73,0.85,1.64,0.98,0.80,2.02,1.89,0.96,2.41,1.46,1.23,1.18,0.78,0.70,0.97,0.77,0.90,1.12,0.96,1.33,0.86,0.53,1.38,1.70,0.80,1.16,0.98,2.07,1.50,1.85,0.95,1.48,1.15,1.32,1.86,0.58,0.42,1.33,0.73,0.98,1.17,1.70,2.47,2.70,1.77,2.02,1.08,0.76,1.57,1.75,1.33,1.33,0.60,1.50,1.24,1.08,0.65,0.83,1.25,0.93,1.00,1.20,1.35,1.40,1.48,1.25,1.70,2.60,1.28,2.36,4.27,1.43,0.90,0.83,0.63,0.88,0.84,1.00,1.02,0.56,0.82,2.03,1.73,1.53,2.62,5.35,2.60,3.27,1.77,1.30,1.42,1.35,1.32,1.50,1.70,1.13,0.57,1.02,0.60,1.20,1.36,1.76,0.67,1.53,1.23,1.04,0.97,0.95,1.50,1.60,1.80,1.27,1.53,0.95,0.70,0.93,1.38,1.27,1.55,1.75,0.85,1.00,1.10,0.70,0.90,0.75,0.90,,0.65,0.60,0.50,1.50,1.50,1.65,1.80,1.65,1.60,1.67,1.55,1.90,1.90,1.55,1.30,1.20,1.45,,1.20,1.13,2.40,,2.40,0.74,1.97,1.77,1.80,0.85,0.97,0.63,0.30,0.35,0.50,0.67,0.25,0.65,0.62,0.55,0.27,0.78,0.70,0.30,1.65,1.20,0.75,0.65,1.73,0.90,0.53,0.53,0.45,0.50,0.50,0.75,0.75,0.70,1.20,1.25,1.47,1.53,1.17,1.07,1.30,1.10,1.40,1.00,1.80,1.40,1.47,1.10,1.50,1.00,0.87,1.00,1.02,2.33,1.50,0.93,1.23,0.80,1.42,1.18,1.10,5.20,3.20,2.73,2.30,1.32,1.62,1.45,1.47,1.84,1.63,1.73,1.70,1.07,1.50,1.40,1.50,1.80,1.55,1.82,1.38,1.07,1.20,0.65,1.30,1.85,1.50,0.85,0.80,1.00,1.03,1.10,0.65,0.85,0.90,0.95,0.65,1.33,0.80,1.03,1.13,0.73,1.57,1.68,1.03,1.25,1.03,0.55,0.65,1.00,0.67,0.55,1.15,0.95,1.20,0.70,0.50,1.05,1.10,0.45,0.35,0.70,0.95,0.27,0.55,0.75,0.40,0.80,0.75,0.95,1.50,0.55,0.80,1.30,0.95,0.30,1.80,2.03,1.40,0.90,1.00,1.20,1.00,0.50,1.30,0.60,0.85,0.95,,1.65,1.20,1.70,0.80,0.50,0.50,1.00,0.50,0.80,1.33,1.00,0.60,1.55,1.25,1.50,1.30,1.10,1.10,2.07,2.25,1.37,0.80,1.00,1.60,0.50,
20161120,4,AQI,85,53,332,57,42,210,88,56,62,56,59,81,248,121,57,40,51,53,84,71,51,64,101,52,131,148,66,93,95,143,58,39,51,123,111,108,79,50,101,65,90,113,151,58,49,20,73,71,114,54,253,111,40,68,41,39,65,50,68,61,71,80,42,31,115,184,92,86,82,161,135,141,76,37,37,54,88,38,49,51,32,50,123,105,79,134,50,76,104,41,69,119,109,63,39,46,30,94,48,47,61,61,56,56,59,105,109,55,38,257,80,138,238,109,75,58,39,39,54,55,85,48,55,101,27,80,277,254,226,289,201,107,85,90,54,78,70,74,51,40,27,144,124,79,194,278,203,110,88,62,161,81,75,114,151,93,71,77,44,40,53,125,46,59,37,48,33,45,51,,25,34,36,70,69,89,95,81,55,154,85,93,76,89,129,101,109,,50,114,211,,169,81,64,136,90,137,87,42,18,49,33,18,16,50,55,44,56,65,62,31,30,34,29,33,37,43,52,53,31,44,53,39,83,16,124,103,191,35,51,47,61,135,216,55,123,61,101,56,14,16,44,17,73,41,82,79,30,58,118,94,91,217,256,242,181,190,186,171,203,76,126,270,93,119,95,64,78,116,76,30,50,64,40,80,53,28,61,23,46,56,39,36,93,37,65,33,64,107,99,125,115,124,82,83,74,52,80,30,43,41,93,35,51,133,65,54,63,43,118,22,53,19,31,51,46,46,20,42,27,55,40,36,86,66,63,21,108,119,90,106,139,106,108,55,82,41,106,92,,86,90,183,47,53,56,75,42,28,124,90,73,68,68,34,27,110,350,188,136,36,40,37,26,24,
20161120,4,PM2.5,63,37,282,39,26,160,65,10,31,34,42,60,198,92,26,28,36,37,62,52,34,46,76,28,100,113,48,69,71,109,25,27,36,93,84,81,58,35,76,47,67,85,116,41,34,14,53,50,86,28,203,84,28,44,25,27,47,32,45,41,41,59,26,11,87,139,57,45,40,123,61,65,51,26,24,32,44,9,34,28,22,32,93,79,58,102,21,55,78,16,50,90,82,45,12,19,21,70,32,33,40,44,30,40,42,79,82,30,22,207,44,105,188,69,55,41,27,27,38,21,63,24,39,76,19,59,227,204,176,239,151,71,63,67,38,57,47,54,29,28,8,110,94,50,146,228,153,83,65,33,123,42,25,69,116,35,31,40,30,21,31,95,23,42,24,22,20,15,26,,13,8,10,50,50,66,71,60,33,118,63,69,56,66,88,76,82,,35,86,161,,128,57,46,104,63,87,54,23,9,16,9,12,9,19,37,31,40,45,32,22,21,24,20,21,22,30,28,37,16,31,37,27,61,2,94,77,144,21,36,21,44,103,166,39,93,44,76,37,10,9,30,12,38,29,60,58,21,37,89,70,68,167,206,192,137,143,140,130,153,56,96,220,69,90,71,46,57,88,56,21,35,37,16,59,31,18,44,16,30,34,19,25,69,24,47,22,43,41,74,95,87,94,33,61,54,34,54,9,26,25,69,24,21,101,24,38,45,16,89,11,29,13,22,32,32,31,8,8,12,26,17,10,64,48,35,10,76,67,67,55,55,56,63,39,31,23,47,62,,42,61,89,15,19,22,39,20,14,94,57,29,37,45,12,19,74,90,119,81,24,16,26,8,17,
20161120,4,PM2.5_24h,102,104,259,117,45,196,203,22,32,77,93,162,189,72,41,22,30,44,55,109,52,67,88,94,76,75,72,77,63,80,70,63,93,108,104,74,101,85,88,50,50,75,116,61,49,45,68,55,107,73,190,56,40,63,31,27,60,33,45,51,43,85,40,14,76,96,39,35,49,121,81,78,46,51,39,47,74,39,27,51,19,34,76,97,133,171,80,75,71,33,98,80,91,116,23,73,60,55,37,47,51,43,46,47,68,78,92,89,20,170,32,95,174,75,39,32,22,37,36,45,46,44,27,71,40,70,163,283,176,211,151,71,66,55,40,33,45,58,28,44,11,75,81,43,97,125,112,63,71,26,129,68,42,71,130,38,25,39,22,26,92,114,63,89,74,40,52,20,37,,24,24,16,75,84,85,79,89,41,122,64,65,58,80,90,105,77,,32,80,101,,119,52,75,93,68,86,36,30,34,30,18,28,15,21,24,25,27,37,36,32,52,72,30,43,68,29,31,24,20,24,29,33,36,13,54,46,91,58,52,27,47,73,92,32,110,64,66,58,33,34,29,32,56,72,85,61,52,71,79,57,65,266,202,192,137,144,95,105,129,64,54,92,63,50,52,39,54,61,46,72,65,28,38,64,41,33,49,77,27,43,60,53,65,60,44,43,35,38,54,82,71,85,35,58,75,38,50,22,28,32,53,22,25,81,20,36,32,16,53,11,27,13,24,27,26,26,13,24,14,21,45,19,61,61,24,13,88,69,55,64,69,60,71,48,38,27,42,68,,41,59,100,24,54,27,38,18,24,58,40,37,41,30,35,16,85,51,123,54,43,20,20,16,26,
20161120,4,PM10,,40,395,63,42,305,102,62,73,62,64,106,339,183,64,34,50,38,77,,51,,127,53,137,113,67,125,116,165,66,39,40,156,131,124,75,,133,77,97,130,138,55,42,,92,91,128,58,219,89,,85,41,37,64,50,86,72,91,88,42,31,122,241,133,121,114,241,220,231,102,20,37,58,126,38,46,51,32,50,98,104,96,184,50,101,111,41,79,124,85,63,39,46,,103,48,47,72,65,61,56,47,102,108,59,38,268,109,172,250,168,87,54,34,36,57,60,74,48,56,117,21,40,341,332,208,393,185,163,91,97,58,87,89,69,52,36,27,159,137,107,227,255,223,113,126,74,210,111,99,177,218,135,91,104,44,40,55,157,46,56,37,48,33,45,51,,25,34,36,89,78,92,132,89,60,147,68,,83,90,208,108,102,,43,117,251,,178,111,78,200,130,224,124,42,13,49,33,14,15,50,60,43,49,79,73,27,23,30,28,33,37,42,53,56,31,38,42,32,75,16,114,113,145,35,36,47,55,120,,59,90,,108,62,12,,44,,95,36,114,81,29,66,141,104,118,273,355,241,158,204,216,246,237,90,121,237,95,106,106,66,72,125,77,23,47,78,40,91,55,28,72,22,46,62,39,35,96,37,63,33,78,163,98,125,130,111,113,94,88,54,110,30,43,41,113,35,51,119,79,57,69,43,124,17,55,17,31,51,46,46,20,42,27,60,40,36,95,60,76,21,166,188,102,161,228,161,165,49,113,41,161,134,,121,130,316,47,55,61,100,42,28,163,129,95,85,85,34,24,169,460,326,221,36,40,,26,20,
20161120,4,PM10_24h,,156,386,163,63,361,290,108,74,113,120,268,282,137,114,28,39,55,73,138,96,132,160,164,119,105,120,122,105,114,120,102,104,171,162,130,147,122,140,94,84,131,144,86,84,105,117,102,148,121,224,76,58,103,46,41,91,52,71,75,79,142,60,33,113,161,76,97,151,259,301,338,118,61,67,82,220,150,34,84,29,46,152,141,186,270,113,112,126,50,148,112,112,150,39,104,106,93,54,68,102,66,75,59,96,111,143,145,46,217,95,138,269,147,63,48,34,45,43,105,55,69,48,123,65,103,267,466,213,308,211,171,91,87,59,70,69,82,46,63,28,125,118,96,158,165,176,90,122,76,281,174,146,199,246,112,71,134,34,60,129,164,93,109,95,58,82,35,54,,31,40,37,158,136,134,157,151,71,172,92,117,87,121,154,153,109,,48,110,156,,161,100,149,188,144,205,94,43,46,101,61,33,35,65,37,33,34,56,62,39,77,100,53,60,72,42,55,41,31,35,70,37,58,26,81,74,100,91,78,57,67,98,90,51,127,89,90,87,69,61,57,59,106,123,146,93,86,108,126,81,112,443,293,257,185,198,151,171,183,129,83,97,98,78,79,57,89,86,67,95,85,56,60,96,72,55,95,112,40,63,75,83,106,93,73,46,56,157,76,114,95,119,110,104,127,60,106,55,49,53,95,32,74,106,68,58,56,34,90,22,46,32,38,47,43,44,27,52,33,57,95,42,85,66,52,33,163,237,85,236,216,202,160,93,129,88,127,204,,116,165,449,80,153,74,107,49,66,126,86,90,114,61,112,24,287,226,278,173,51,39,18,38,35,
20161120,4,SO2,5,13,45,40,20,88,35,6,13,6,16,29,54,130,28,44,30,48,47,13,10,16,17,13,15,12,23,15,13,16,7,13,9,21,12,12,21,14,14,11,12,12,14,9,15,4,21,17,21,18,27,9,11,16,8,11,15,16,18,20,10,16,10,4,20,29,14,32,6,27,31,25,104,18,18,14,25,10,9,13,37,57,14,10,20,31,18,31,17,23,24,35,35,16,11,22,6,27,7,9,19,13,9,12,11,24,28,9,31,41,120,63,162,67,32,39,11,22,77,14,34,22,18,13,8,14,38,53,34,31,29,18,13,15,13,10,11,9,10,10,2,14,16,26,19,25,24,16,13,17,20,18,34,24,19,22,7,102,7,3,14,22,9,12,14,16,7,8,26,,4,5,8,8,12,17,38,13,14,18,14,10,22,11,7,8,25,,29,10,22,,66,82,102,73,76,61,55,11,2,42,25,5,39,13,28,85,10,45,16,15,16,8,8,5,7,13,19,23,6,10,4,22,12,1,15,17,18,9,17,8,15,24,13,17,14,25,23,11,6,8,11,4,5,21,36,20,10,20,27,8,34,28,28,40,32,10,20,10,16,14,18,11,7,16,5,6,5,11,35,6,25,22,34,9,6,8,8,8,9,10,20,16,14,10,8,7,69,23,10,17,55,13,16,12,19,5,12,18,29,28,17,34,13,8,41,6,15,7,46,9,4,3,15,78,8,11,8,2,7,5,6,5,11,30,52,5,23,30,25,8,53,29,33,9,12,8,21,14,,21,10,16,18,10,17,17,17,16,38,62,8,15,8,10,4,25,1,12,121,12,2,6,9,13,
20161120,4,SO2_24h,8,17,50,39,14,70,46,13,11,8,21,36,37,84,32,34,20,36,47,23,13,20,31,24,15,16,20,21,18,16,12,14,14,15,17,26,25,16,18,18,11,17,39,13,12,9,24,17,23,25,30,9,14,20,8,12,17,16,16,14,9,21,13,4,17,18,14,28,9,25,24,28,105,19,18,20,37,8,10,37,18,74,23,17,27,24,22,35,23,22,36,24,33,29,7,34,19,19,8,9,18,11,14,9,17,23,29,18,28,26,51,72,224,66,36,27,12,28,45,27,43,20,20,20,14,25,37,58,31,33,34,23,12,19,13,9,13,11,10,9,3,13,20,48,23,18,20,10,14,21,24,25,48,15,29,66,12,122,7,7,26,18,14,20,24,20,12,8,21,,5,7,7,15,19,28,30,27,16,24,19,20,27,28,7,10,29,,15,14,22,,68,61,138,66,74,80,32,9,5,34,25,7,22,17,39,24,8,53,13,26,25,31,14,15,19,11,12,18,7,15,5,35,15,13,11,16,18,21,19,11,14,23,14,14,15,19,28,14,14,22,14,7,11,46,65,45,25,30,33,10,42,54,25,19,36,14,18,12,20,18,14,11,13,14,7,8,5,10,26,14,34,18,27,29,20,11,10,11,11,12,31,24,30,16,10,13,18,18,11,19,19,14,18,12,17,5,10,13,36,34,22,21,17,14,16,9,6,11,41,11,4,4,25,20,9,12,8,3,8,14,7,7,13,32,46,4,21,35,16,11,115,59,33,13,19,13,58,39,,42,15,28,19,26,20,28,35,19,86,40,13,17,12,15,6,24,3,21,75,20,4,16,10,21,
20161120,4,NO2,45,37,78,38,26,95,34,8,42,36,35,35,60,67,57,39,35,28,61,28,30,40,23,18,43,14,44,28,25,32,13,17,21,73,58,72,42,45,78,9,20,26,61,35,35,13,60,45,50,40,80,25,21,68,41,46,60,61,60,50,42,65,36,8,48,62,50,47,42,56,65,52,64,39,18,34,43,35,22,13,25,38,47,37,31,26,40,41,27,11,31,80,39,31,6,10,15,31,4,9,35,11,24,17,51,35,48,42,29,74,41,67,43,71,21,32,20,15,33,12,26,21,22,56,42,28,88,71,76,91,49,50,32,34,38,23,10,31,10,28,7,49,38,50,35,49,40,34,41,42,57,44,49,48,50,33,22,37,17,10,29,38,20,41,38,24,21,15,22,,6,9,7,27,23,30,42,21,34,38,37,14,20,12,28,42,19,,42,28,58,,75,50,41,56,41,26,49,18,6,27,18,6,13,8,28,25,33,36,18,9,7,11,11,9,7,24,18,22,16,16,17,15,26,14,42,32,50,46,29,27,19,30,46,31,46,43,74,27,19,13,29,25,9,27,34,22,15,11,38,30,52,60,104,84,61,43,32,55,64,41,27,33,15,23,3,9,13,20,16,13,13,19,32,23,8,13,8,12,17,27,18,41,24,12,24,9,23,42,31,33,50,53,21,31,27,23,36,11,81,27,49,9,2,17,44,27,34,16,43,5,17,15,38,12,25,18,12,22,13,13,29,29,34,46,48,12,33,87,29,25,54,55,60,23,79,16,28,48,,57,35,54,15,2,23,16,23,8,56,44,44,61,40,31,13,43,19,31,22,13,8,37,7,11,
20161120,4,NO2_24h,57,53,103,56,34,100,95,21,37,47,51,75,86,55,42,27,31,38,54,89,46,82,58,44,44,21,55,53,49,58,36,38,42,81,78,82,62,66,73,31,25,56,62,42,49,55,60,47,65,41,73,42,38,82,35,50,62,54,51,41,33,77,34,12,58,70,39,42,47,62,69,63,59,51,41,44,50,26,19,36,20,27,57,47,59,54,49,51,36,30,44,68,46,47,13,32,34,31,7,14,47,14,29,10,63,33,46,57,28,60,31,59,58,52,20,25,19,25,21,28,29,24,25,54,48,46,59,99,63,75,48,50,39,48,25,23,15,33,11,36,11,56,39,55,33,58,43,35,41,35,61,48,54,45,59,27,34,39,17,25,43,43,35,46,43,27,30,17,23,,16,20,17,62,62,61,52,43,49,55,66,27,42,38,34,58,52,,30,31,41,,61,32,46,54,39,34,29,18,22,33,23,17,14,15,19,20,18,24,21,20,25,23,21,25,20,21,15,19,25,30,33,32,21,17,42,29,47,59,36,31,50,34,43,41,38,49,53,35,32,25,32,34,23,37,56,31,32,29,39,24,46,86,95,73,61,40,40,41,56,47,38,44,44,36,8,37,39,25,25,41,29,26,47,28,15,22,21,28,20,25,27,35,25,24,29,13,20,40,30,33,35,49,26,46,37,37,31,20,60,35,37,12,21,34,34,37,18,14,34,14,17,17,30,12,21,17,16,24,17,20,44,34,28,31,35,15,40,46,31,32,46,53,53,23,69,26,35,43,,52,25,57,15,15,25,19,29,23,41,27,30,43,41,45,15,47,31,55,39,29,15,30,13,16,
20161120,4,O3,6,26,6,26,34,3,17,66,8,11,29,19,11,4,9,21,28,38,26,50,31,38,29,60,7,14,13,21,22,50,38,49,25,9,30,6,40,9,,57,52,86,12,5,15,55,16,12,6,22,5,51,19,5,38,35,3,8,3,6,7,4,6,29,5,5,5,9,16,5,9,13,12,22,24,8,24,34,40,41,30,25,18,10,14,,24,13,12,62,23,6,25,23,63,57,45,39,104,41,12,61,6,61,6,12,23,13,13,6,14,12,10,8,10,25,44,41,22,69,28,46,39,64,2,17,12,7,2,6,17,6,9,41,9,38,36,5,68,8,21,5,9,6,9,54,4,21,6,29,4,20,7,6,3,44,68,20,42,62,26,4,31,18,20,26,46,47,38,,67,70,54,33,25,17,8,30,35,16,21,30,36,35,22,33,75,,18,34,4,,7,9,7,7,7,2,15,45,56,38,55,59,51,98,14,30,16,8,38,77,70,56,59,57,52,46,44,25,28,55,81,91,34,27,25,8,30,24,39,35,74,7,18,34,14,31,53,27,39,50,2,32,12,2,10,17,32,34,11,9,10,6,4,5,12,16,50,2,7,8,63,26,43,37,40,58,49,39,6,25,48,29,14,19,30,34,25,25,29,10,26,3,8,18,37,16,12,5,38,17,11,3,5,28,65,12,9,25,36,43,29,59,42,56,3,5,6,36,18,70,10,23,4,44,22,9,49,12,24,28,22,28,1,11,36,53,4,3,2,30,17,18,,27,7,69,63,4,,54,78,4,60,31,37,38,43,66,2,5,21,9,22,25,52,46,55,28,30,50,115,8,63,38,
20161120,4,O3_24h,63,63,42,43,48,18,31,78,79,64,76,50,22,52,78,50,65,61,57,68,32,51,42,60,28,15,63,39,37,60,40,63,25,57,233,154,144,56,77,137,143,88,83,106,22,80,107,74,17,45,57,61,19,129,93,86,104,77,79,99,102,125,104,51,36,75,109,94,86,39,99,73,69,33,24,44,84,93,63,46,64,71,136,17,35,11,40,22,40,65,43,21,65,39,65,65,94,128,123,56,59,101,80,100,117,145,150,109,96,36,86,66,54,89,65,44,65,43,62,70,53,58,67,99,4,26,87,14,38,49,67,69,20,61,33,42,49,58,106,40,37,57,108,94,101,145,34,81,80,130,57,69,66,83,64,101,114,96,69,67,48,19,42,57,52,64,75,63,63,,71,70,59,77,47,32,24,64,35,21,65,43,39,56,44,70,114,,53,104,75,,51,106,84,60,77,37,87,64,58,77,96,73,59,102,59,48,60,57,69,85,80,66,80,68,58,67,61,44,58,67,81,98,55,30,49,41,47,48,100,86,74,43,52,49,54,57,93,129,57,103,70,47,79,85,38,94,64,105,43,101,81,15,24,17,54,84,71,42,108,15,81,39,46,42,62,59,49,95,39,38,72,30,42,77,58,71,28,103,60,59,62,71,159,82,90,51,86,94,135,106,112,100,51,68,75,39,113,78,63,119,102,99,43,102,81,61,74,113,124,93,77,93,89,101,82,84,83,85,82,75,82,82,83,48,94,81,54,98,28,87,87,93,74,85,82,89,89,83,,112,127,83,112,31,90,111,101,87,60,48,69,77,130,37,67,83,95,143,97,55,130,69,67,45,
20161120,4,O3_8h,6,32,6,29,27,3,9,66,7,14,34,14,10,4,9,30,34,31,27,46,20,30,31,34,8,14,11,25,28,42,38,55,21,14,29,6,34,14,20,51,60,81,11,5,15,40,19,14,5,27,6,54,14,4,53,41,4,15,6,8,21,3,10,33,5,5,5,10,12,5,9,19,14,18,17,7,16,34,48,43,29,21,15,8,14,,24,11,11,62,20,6,29,27,63,54,46,36,114,45,6,65,5,70,8,17,37,22,14,6,18,18,10,10,12,31,54,39,26,61,32,53,44,52,1,11,13,9,3,7,22,9,9,29,15,34,31,4,73,8,16,5,9,5,6,51,5,23,8,26,4,20,8,6,3,54,31,17,36,58,27,4,30,20,26,26,53,50,37,,66,67,55,14,23,21,15,34,22,18,6,31,26,38,26,39,86,,16,36,4,,9,11,7,7,7,2,14,48,57,26,52,56,53,95,13,40,25,7,32,73,74,62,60,51,54,48,43,23,32,47,68,81,38,26,24,13,28,26,39,32,65,11,20,40,14,38,52,15,47,57,3,34,9,2,5,25,35,32,7,23,10,8,4,6,11,15,51,2,5,6,55,27,44,38,52,58,19,46,6,21,38,26,12,17,32,44,21,27,19,9,32,3,12,14,36,19,9,6,37,13,15,4,5,30,66,11,11,24,34,48,33,59,34,44,3,2,6,36,29,76,11,26,5,47,32,10,48,6,24,27,13,37,3,15,36,52,4,2,2,26,20,19,1,32,8,55,54,5,,52,77,4,68,28,46,34,31,63,2,7,30,10,15,27,54,29,49,15,32,47,112,15,62,38,
20161120,4,O3_8h_24h,8,36,7,34,27,4,9,66,7,17,39,14,10,4,11,42,40,32,28,47,20,30,33,34,11,15,12,28,30,42,39,63,22,19,31,9,35,23,33,54,66,81,12,6,15,40,21,18,6,32,6,59,14,4,65,49,7,25,8,13,24,3,12,40,5,5,6,17,12,6,10,28,16,19,17,7,16,38,53,44,29,21,16,8,15,,34,12,12,62,27,7,40,34,63,55,46,41,122,49,6,70,5,75,9,28,49,34,18,6,24,23,10,13,15,35,62,40,33,61,39,56,47,52,1,11,13,11,4,7,27,11,10,29,24,34,33,4,80,10,16,5,12,6,6,52,7,24,11,28,5,21,9,7,4,70,31,18,38,59,36,4,32,23,32,26,55,53,42,,66,67,56,14,23,23,23,36,22,20,6,31,26,46,31,44,95,,18,37,4,,14,13,7,8,9,2,18,51,57,30,53,56,54,97,14,46,33,8,33,73,77,65,64,56,55,49,43,28,40,47,68,81,43,26,25,22,28,31,42,33,65,15,22,45,14,46,56,17,53,62,3,34,9,2,5,27,40,33,7,40,11,9,4,6,11,17,52,2,5,7,55,28,46,40,57,59,19,56,6,21,38,27,12,18,33,57,21,30,19,9,35,3,14,14,38,20,15,8,38,14,26,4,6,32,68,11,19,24,35,60,42,60,34,44,3,2,6,50,42,79,13,27,5,52,37,11,53,6,26,31,13,47,5,17,48,54,4,2,2,26,24,22,2,45,9,55,57,6,,52,77,4,74,28,67,34,31,63,2,10,36,12,19,28,54,29,49,15,35,47,112,17,62,40,
20161120,4,CO,0.90,1.03,4.10,1.85,0.46,4.03,1.05,0.43,0.93,1.03,0.80,1.40,4.33,2.27,1.12,0.56,1.05,1.02,1.11,1.06,1.39,1.23,1.18,1.10,1.74,1.30,1.44,1.30,1.37,1.30,0.96,1.37,1.30,1.59,1.03,1.10,1.60,1.40,1.55,0.47,1.17,0.85,1.33,0.70,1.48,0.50,0.67,1.97,1.80,0.54,2.89,1.29,1.07,1.21,0.75,0.63,1.04,0.60,1.10,1.18,1.04,1.07,0.74,0.50,1.56,2.32,0.98,1.24,0.95,1.93,1.63,1.25,1.35,1.02,1.08,1.03,1.84,0.70,0.57,1.02,0.63,1.15,0.97,1.18,1.07,2.30,0.80,1.38,0.90,0.32,0.83,2.10,1.17,0.87,0.37,0.80,0.70,1.00,0.62,0.67,0.80,1.00,0.75,0.90,1.10,1.30,1.32,0.90,1.97,3.10,1.57,3.78,4.33,1.93,1.73,0.83,0.57,0.55,1.34,0.64,1.23,0.52,1.00,1.83,1.35,1.23,4.30,7.25,3.15,5.40,2.17,1.37,1.50,1.25,1.28,1.50,1.47,0.87,0.60,0.88,0.60,1.20,1.40,1.36,0.93,1.77,1.38,1.08,1.10,1.05,1.35,1.20,1.53,1.24,1.27,0.95,0.70,1.10,1.46,1.10,0.75,1.55,0.30,0.50,0.40,0.40,0.35,0.50,0.55,,0.45,0.30,0.20,1.13,0.85,1.10,2.40,1.05,1.20,1.63,1.45,1.60,1.30,1.05,1.45,1.05,1.15,,1.20,0.90,3.07,,2.68,1.18,1.17,2.92,2.05,0.95,1.37,0.70,,0.35,1.50,0.40,0.45,0.70,0.80,0.80,0.47,1.05,0.60,0.20,1.50,0.65,0.70,0.40,1.17,1.13,0.37,0.77,0.25,0.45,0.40,0.45,0.85,0.60,1.63,1.45,1.93,1.28,0.97,1.07,0.95,1.05,1.80,0.97,1.95,1.20,1.70,0.85,1.10,0.47,0.73,0.50,0.60,1.55,1.05,0.90,0.93,0.63,1.10,1.45,1.10,3.83,4.53,3.13,2.70,1.60,1.92,2.20,1.83,1.48,1.70,2.10,1.30,1.10,1.10,1.20,1.23,1.73,1.45,1.20,1.07,0.83,1.10,0.85,1.38,1.43,0.95,0.78,0.73,0.87,0.70,1.05,0.70,0.90,0.95,0.75,0.70,1.47,0.83,1.08,1.27,0.67,1.57,1.40,0.63,1.00,0.97,0.35,0.70,0.88,0.83,0.53,0.85,0.65,1.40,0.60,0.60,1.00,1.20,0.10,0.30,0.50,0.80,0.30,0.50,0.70,0.35,0.70,0.65,0.35,0.80,0.55,0.90,2.00,1.10,0.30,1.57,2.40,1.50,0.65,1.05,1.35,1.50,0.50,1.45,0.35,0.70,1.25,,1.55,0.60,2.10,0.90,,0.50,0.90,0.50,0.30,1.87,1.30,0.65,2.15,2.10,1.00,2.50,0.90,0.80,1.70,1.90,0.97,0.40,1.50,1.55,0.30,
20161120,4,CO_24h,1.49,2.04,3.42,2.52,0.68,3.27,2.90,0.50,0.85,2.10,2.27,2.90,2.80,1.66,1.20,0.50,0.92,1.11,0.95,1.64,1.81,1.67,1.57,1.60,1.40,1.50,1.56,1.70,1.83,1.70,1.28,1.07,1.45,1.44,1.10,0.98,1.70,1.40,1.60,0.73,0.97,0.95,1.73,0.85,1.60,0.98,0.80,2.02,1.91,0.95,2.49,1.44,1.22,1.18,0.79,0.70,0.97,0.77,0.90,1.10,0.96,1.30,0.84,0.53,1.41,1.73,0.82,1.16,0.98,2.06,1.55,1.90,1.00,1.45,1.12,1.22,1.86,0.60,0.42,1.63,0.70,0.98,1.13,1.65,2.37,2.70,1.73,1.98,1.06,0.72,1.53,1.75,1.33,1.33,0.60,1.47,1.22,1.10,0.65,0.83,1.10,0.93,1.00,1.20,1.30,1.40,1.48,1.25,1.67,2.67,1.30,2.44,4.17,1.42,0.97,0.83,0.60,0.78,0.86,0.96,1.10,0.56,0.84,2.03,1.73,1.51,2.72,5.45,2.65,3.40,1.80,1.27,1.42,1.35,1.32,1.50,1.70,1.10,0.57,1.02,0.60,1.20,1.38,1.74,0.67,1.63,1.23,1.04,1.00,0.95,1.40,1.60,1.80,1.26,1.53,0.95,0.70,0.97,1.40,1.27,1.50,1.70,0.85,1.00,1.10,0.70,0.80,0.75,0.85,,0.65,0.60,0.50,1.43,1.45,1.60,1.80,1.60,1.60,1.70,1.55,1.90,1.90,1.50,1.30,1.20,1.35,,1.20,1.13,2.40,,2.40,0.78,1.93,1.82,1.75,0.85,1.00,0.63,0.30,0.40,0.55,0.67,0.25,0.65,0.64,0.55,0.27,0.78,0.70,0.30,1.65,1.15,0.75,0.65,1.73,0.90,0.53,0.53,0.45,0.50,0.50,0.75,0.75,0.70,1.22,1.28,1.53,1.47,1.17,1.07,1.25,1.10,1.40,1.00,1.80,1.40,1.50,1.10,1.50,1.00,0.83,1.00,1.02,2.33,1.47,0.90,1.23,0.80,1.42,1.18,1.10,5.27,3.33,2.80,2.37,1.35,1.66,1.55,1.53,1.84,1.63,1.75,1.70,1.07,1.50,1.40,1.50,1.80,1.55,1.80,1.35,1.03,1.23,0.65,1.30,1.80,1.50,0.85,0.80,1.00,1.00,1.10,0.65,0.85,0.90,0.95,0.65,1.33,0.77,1.03,1.17,0.73,1.60,1.68,0.97,1.20,1.03,0.55,0.65,0.97,0.67,0.55,1.10,0.90,1.25,0.70,0.50,1.00,1.10,0.45,0.35,0.70,0.95,0.27,0.55,0.75,0.40,0.80,0.75,0.95,1.50,0.60,0.80,1.30,0.95,0.30,1.83,2.07,1.40,0.80,1.00,1.25,1.10,0.50,1.40,0.60,0.85,1.00,,1.70,1.10,1.70,0.80,0.50,0.50,1.00,0.50,0.70,1.37,1.00,0.60,1.60,1.25,1.40,1.40,1.10,1.10,1.97,2.25,1.37,0.80,1.00,1.60,0.50,
20161120,5,AQI,78,51,298,63,39,196,94,48,60,54,56,84,224,126,53,39,51,46,78,78,57,61,100,45,121,134,85,96,93,143,43,55,47,125,115,101,60,55,65,68,86,113,157,56,60,20,79,75,113,56,245,110,53,64,43,38,69,53,67,60,67,89,46,30,109,186,87,83,68,153,137,129,81,40,44,50,75,40,49,49,33,45,133,88,70,131,42,81,101,47,60,96,124,58,39,44,30,86,44,49,54,59,52,59,54,103,106,52,29,254,81,141,219,117,70,64,40,46,59,53,94,44,64,78,53,69,275,251,220,310,201,114,83,98,58,95,73,80,51,41,27,144,128,69,174,262,184,101,86,63,174,81,71,115,134,92,34,61,38,31,51,123,46,50,36,49,42,32,51,,32,33,37,69,71,93,99,93,69,170,81,115,79,89,128,118,105,,57,120,224,,141,82,59,136,88,131,69,41,18,40,32,18,16,44,44,47,56,69,54,30,30,36,26,29,28,43,44,50,43,44,40,36,86,14,167,108,199,31,51,45,73,118,232,58,106,32,89,19,14,41,45,16,55,44,74,64,30,52,114,84,90,208,252,227,186,174,174,146,194,80,145,257,89,145,89,66,88,108,76,31,45,65,31,70,54,24,55,29,47,55,52,37,86,38,65,33,56,101,94,115,116,108,76,74,71,56,77,24,53,50,96,36,52,129,64,60,62,21,129,23,48,19,38,48,58,44,16,23,26,34,32,33,66,50,66,19,102,123,90,94,111,103,105,106,87,28,117,96,,74,94,187,48,52,53,48,37,31,114,83,75,69,59,31,25,85,373,206,136,36,35,39,29,24,
20161120,5,PM2.5,57,33,248,45,26,147,70,8,32,32,40,62,174,96,18,27,36,32,57,57,40,44,75,24,92,102,63,72,69,109,30,33,33,95,87,76,43,39,47,49,64,85,120,40,43,14,58,47,85,26,195,83,37,43,26,26,50,33,45,43,45,66,29,10,82,140,52,45,29,117,65,59,46,28,31,27,38,11,34,27,22,29,101,65,51,100,16,60,76,17,36,72,94,40,12,15,21,64,31,34,38,42,31,42,38,77,80,30,20,204,47,108,169,79,51,46,28,30,42,20,70,25,46,57,37,50,225,201,170,260,151,86,61,73,41,71,53,59,24,29,7,110,97,39,132,212,139,76,64,25,132,53,25,70,102,39,19,22,24,19,32,93,18,35,19,21,19,15,21,,13,12,10,50,52,69,74,69,50,129,60,87,58,66,93,89,79,,38,91,174,,108,56,41,104,47,78,45,27,12,19,13,11,8,14,31,33,40,48,29,21,21,25,17,20,15,30,29,33,15,31,28,25,64,2,127,81,149,22,27,19,53,89,182,41,80,17,66,13,10,9,30,11,39,31,54,46,20,30,86,62,67,158,202,177,140,132,132,112,146,59,111,207,66,111,66,48,65,81,56,22,31,47,17,51,32,14,35,18,31,33,21,23,64,21,47,23,37,42,70,87,88,81,36,54,52,40,53,12,32,31,72,24,29,98,29,43,44,15,98,12,26,11,21,31,34,28,7,8,18,13,12,10,43,35,31,13,73,72,67,54,57,55,68,80,37,18,51,63,,39,53,81,15,20,17,31,18,22,86,59,30,36,35,12,12,55,105,98,93,25,22,27,14,16,
20161120,5,PM2.5_24h,97,98,260,108,41,192,197,21,29,73,89,155,189,70,41,21,30,42,56,108,51,67,88,91,77,77,72,77,63,82,70,63,91,109,105,74,98,85,87,51,52,76,118,61,49,44,68,55,109,71,194,57,41,61,30,26,59,33,44,49,42,82,39,14,77,98,40,35,50,119,81,77,47,50,40,46,74,34,27,49,19,34,77,94,127,170,76,74,71,31,94,79,92,113,23,69,57,55,37,45,50,42,45,46,66,79,92,83,20,175,32,97,172,72,39,32,21,33,36,43,47,40,29,73,40,70,166,278,178,217,154,69,64,55,40,35,46,58,27,42,10,76,82,43,100,129,114,65,72,26,127,65,42,69,127,39,26,40,23,26,87,113,61,88,72,39,50,20,35,,24,24,15,75,84,85,80,89,41,124,64,67,59,80,93,106,77,,32,83,104,,120,52,71,90,64,86,36,29,32,28,18,28,15,21,25,25,27,37,35,30,50,69,29,42,66,28,32,24,19,24,29,33,37,13,57,49,94,56,51,28,47,76,97,33,110,63,67,57,32,33,29,32,57,70,85,60,51,69,79,59,66,264,206,195,139,146,98,106,132,64,56,97,63,53,53,39,55,63,46,70,64,29,36,64,40,32,49,74,27,42,56,51,65,58,44,40,35,39,55,83,72,86,36,58,71,38,50,22,28,33,54,22,26,81,21,36,32,16,55,11,27,12,24,27,26,26,13,24,15,21,45,19,61,61,24,13,87,70,57,62,69,60,72,49,38,28,43,67,,41,57,99,23,53,27,38,19,23,60,42,36,41,31,34,16,85,53,122,58,44,20,21,16,26,
20161120,5,PM10,,52,361,73,39,285,97,48,69,58,60,111,270,189,55,35,48,38,75,,63,,131,45,133,140,97,135,102,141,37,59,,156,134,112,53,,70,79,93,108,152,54,50,,103,100,139,61,232,87,42,78,43,38,75,56,84,66,84,99,46,30,122,243,123,116,86,231,223,207,112,32,36,50,100,40,43,49,33,45,85,87,87,204,42,89,114,47,70,101,98,65,39,44,17,83,38,46,53,60,54,58,52,97,111,54,28,262,112,169,239,184,80,60,37,46,67,56,76,44,64,63,41,,350,324,182,405,185,177,89,100,58,92,74,57,52,40,27,159,138,87,218,270,209,106,114,75,208,111,92,179,195,134,34,71,38,31,51,157,46,46,36,49,42,32,51,,32,33,37,78,81,92,148,96,75,170,58,108,89,87,206,129,97,,63,119,271,,164,114,67,196,126,211,87,41,13,40,32,18,12,44,43,47,50,88,58,24,26,31,26,27,28,43,44,50,43,35,35,30,72,14,160,122,159,30,51,45,77,134,,54,,32,86,,13,41,45,,57,35,89,50,30,53,127,94,119,253,364,220,164,193,204,230,225,92,132,244,97,120,99,59,81,117,76,29,45,68,31,72,57,24,60,29,47,59,53,37,88,38,58,31,62,151,94,115,137,113,102,78,82,61,104,24,55,50,119,36,54,114,78,68,73,16,125,22,48,19,38,48,65,44,16,23,24,34,32,33,81,41,81,19,154,195,99,138,172,156,160,85,124,28,184,141,,98,138,324,48,54,55,48,37,30,172,116,99,87,67,31,24,119,478,354,222,28,,,29,24,
20161120,5,PM10_24h,,133,385,151,59,356,282,107,69,106,115,260,284,136,115,27,40,54,73,140,95,135,162,157,118,108,121,123,105,118,120,102,104,173,164,128,144,125,139,93,85,131,147,86,82,106,118,101,150,119,229,76,58,101,45,41,89,51,72,73,79,137,59,33,115,165,79,95,152,259,299,331,119,61,67,80,216,130,34,81,29,46,152,135,178,270,105,109,123,49,142,110,112,148,40,98,105,91,54,66,101,64,73,60,93,111,142,139,46,223,96,142,266,147,64,47,31,42,44,103,57,66,49,122,65,103,273,448,212,318,213,170,89,89,60,72,70,80,47,59,28,127,119,96,162,171,181,92,122,74,277,170,146,197,244,115,72,133,35,59,123,162,91,108,93,57,80,35,52,,32,39,37,157,135,134,159,150,70,174,93,118,87,121,160,154,108,,49,114,163,,163,101,144,187,137,208,91,43,43,85,61,33,33,64,38,33,33,58,62,38,73,96,51,57,69,42,55,42,31,35,68,38,57,26,86,77,104,87,78,57,68,102,90,52,127,86,92,88,68,61,55,60,106,121,144,94,84,105,126,82,114,440,301,259,186,202,155,176,186,128,85,99,98,80,80,57,90,89,67,92,83,56,58,95,72,53,94,109,40,63,71,80,106,91,72,42,56,160,78,115,97,121,112,105,120,61,106,55,50,53,97,32,73,106,69,59,57,33,92,23,46,32,38,47,44,45,27,51,33,56,95,43,85,67,53,33,165,231,87,236,217,199,164,92,130,88,128,195,,117,153,439,80,152,75,106,49,66,129,88,91,115,61,106,24,284,236,282,178,53,39,19,37,34,
20161120,5,SO2,4,15,36,64,19,99,41,6,15,5,15,30,50,133,29,60,38,47,61,13,10,15,16,12,15,12,24,17,13,14,7,12,8,20,14,11,20,13,10,11,10,14,14,9,15,4,27,16,20,17,26,9,11,16,7,12,17,18,27,23,14,21,10,4,20,30,12,25,6,25,33,20,99,17,18,13,24,12,11,24,25,79,16,11,20,18,17,33,16,29,20,31,40,15,14,21,7,26,7,8,33,15,12,12,12,23,31,8,28,38,111,69,149,85,31,41,14,17,100,13,40,15,23,11,9,14,35,50,40,29,25,18,13,16,10,11,12,8,10,12,2,14,21,21,23,39,19,18,14,21,19,19,30,28,19,22,6,44,7,4,12,26,10,10,13,16,7,13,24,,4,5,10,7,10,20,39,13,14,17,14,11,21,10,8,12,24,,44,10,23,,80,98,149,106,80,99,40,7,2,36,24,6,22,12,32,34,10,68,31,21,10,10,17,6,9,13,21,41,7,10,4,25,13,1,15,16,17,18,15,8,14,24,11,18,17,17,23,10,7,8,9,4,5,20,41,17,12,24,17,8,36,26,26,35,35,10,20,10,17,16,17,11,8,17,4,7,5,9,36,6,27,20,48,10,5,9,6,6,11,11,20,17,28,10,8,6,43,21,10,18,65,14,17,12,14,5,14,18,28,28,21,28,13,7,18,5,24,7,50,9,3,3,17,41,10,11,7,1,7,4,6,4,8,27,54,4,20,32,26,10,55,27,34,9,14,8,23,18,,21,10,17,15,10,18,24,16,16,33,86,8,14,8,14,7,33,3,11,85,9,2,8,8,12,
20161120,5,SO2_24h,8,16,50,38,15,72,46,13,11,8,21,36,38,84,32,35,21,36,48,22,13,20,30,24,15,15,20,21,17,16,12,14,14,15,17,26,25,17,17,18,11,17,39,13,12,9,24,17,23,25,30,9,14,20,8,12,16,16,17,14,9,21,12,4,18,18,14,27,9,25,25,28,107,19,18,20,36,8,10,37,19,74,23,17,27,24,21,34,22,23,35,24,33,28,8,33,19,18,8,9,18,11,14,9,17,24,29,17,28,27,55,74,225,65,37,28,12,26,47,26,41,20,20,20,13,25,38,59,32,33,34,23,12,19,12,8,13,11,10,9,3,13,20,48,24,19,20,11,15,21,24,25,49,15,29,66,12,122,7,7,25,18,14,20,24,20,12,8,21,,5,7,7,14,19,28,31,26,16,24,19,19,27,27,7,10,28,,16,14,22,,67,64,137,70,73,84,34,9,5,35,25,8,22,18,39,25,8,53,14,26,24,30,15,14,19,11,12,19,7,14,5,35,15,13,11,16,18,20,19,10,14,23,13,14,15,18,28,14,14,22,14,7,11,46,64,38,24,29,33,9,40,54,25,20,36,14,18,12,20,17,14,11,13,14,7,8,5,10,25,14,33,18,29,29,20,11,10,11,11,13,30,23,29,16,10,13,19,18,12,19,21,14,19,13,17,5,10,14,36,35,22,22,17,14,17,9,7,11,41,11,4,4,25,21,9,12,8,3,9,14,7,7,13,32,46,4,21,36,17,10,114,60,33,13,19,12,58,39,,42,15,28,19,26,21,29,36,19,86,43,13,17,11,15,6,24,3,21,77,15,4,16,10,20,
20161120,5,NO2,43,41,70,47,23,85,33,8,46,36,37,36,67,64,57,46,37,23,61,28,31,40,27,18,41,9,42,32,17,19,12,17,14,68,64,68,54,30,46,10,16,28,59,31,38,14,61,41,50,34,76,27,23,64,42,47,61,65,65,49,37,72,36,7,45,60,48,45,33,53,62,50,65,36,17,30,42,26,29,15,22,45,44,36,25,26,32,47,26,13,21,72,43,27,6,13,17,27,4,9,33,11,25,30,51,29,46,37,29,71,36,64,38,72,19,33,23,16,36,12,34,22,29,49,32,23,84,63,73,83,47,49,30,36,36,25,10,28,10,30,8,47,35,48,34,51,34,29,40,38,54,40,47,47,48,21,11,25,13,10,25,39,19,37,37,22,22,15,20,,7,10,10,26,22,37,42,22,38,39,40,20,24,9,31,62,19,,40,32,64,,68,53,42,61,38,23,48,11,6,18,20,9,10,7,22,28,43,32,20,11,6,15,15,10,7,22,24,24,14,16,22,22,26,16,41,35,51,50,33,34,24,35,37,23,43,55,51,17,19,12,30,24,10,25,35,23,14,10,17,31,47,54,105,80,69,42,33,51,60,35,27,29,15,28,3,9,18,16,17,13,14,19,33,18,10,14,4,16,20,20,18,41,22,12,25,6,25,40,32,30,46,55,22,28,23,22,36,10,74,35,45,7,2,14,38,11,30,12,43,4,16,14,37,8,29,14,11,20,14,12,27,20,24,29,52,12,27,54,31,28,45,51,55,29,78,12,24,45,,54,30,55,13,2,42,16,20,7,49,40,28,42,32,33,13,38,23,45,20,9,10,44,7,11,
20161120,5,NO2_24h,57,52,102,53,33,100,93,21,36,45,50,74,86,55,42,27,32,38,54,87,46,81,57,43,45,19,55,52,48,57,35,37,41,81,78,83,62,65,72,30,24,55,63,42,48,54,60,47,65,40,75,42,37,81,35,50,61,53,50,41,33,77,35,12,58,70,41,42,47,63,69,64,60,51,39,44,50,27,19,35,20,28,56,47,58,53,48,50,35,28,43,69,46,45,12,30,32,31,7,14,46,14,29,10,63,33,45,55,28,62,32,60,57,53,20,26,18,25,22,27,29,24,26,55,48,45,61,98,64,76,49,49,39,47,25,24,15,33,11,35,11,57,39,55,34,59,43,35,41,35,61,47,55,45,58,27,34,39,17,25,41,42,34,45,42,26,29,17,23,,16,20,17,61,61,61,52,42,48,55,65,26,41,37,35,60,51,,30,31,42,,63,33,46,55,39,34,31,18,21,33,23,17,14,15,20,20,19,25,21,19,23,22,20,24,20,22,15,20,24,30,33,33,21,17,42,29,47,59,36,32,49,34,44,40,38,50,55,34,32,24,32,34,23,37,56,31,31,28,39,24,47,85,96,75,62,41,40,42,56,47,38,43,43,36,7,36,38,25,25,39,28,26,47,28,15,22,21,28,20,25,27,35,26,24,28,13,20,40,32,34,37,50,27,46,35,36,32,20,62,35,38,12,21,33,34,37,19,14,34,14,17,17,30,12,21,18,16,24,17,20,45,33,28,30,35,15,40,46,32,31,47,53,53,23,69,27,35,44,,53,25,59,15,15,25,19,29,23,42,28,31,43,42,44,16,48,31,55,38,30,15,31,13,16,
20161120,5,O3,9,25,4,18,38,3,22,66,5,10,29,19,10,3,9,15,26,40,23,46,24,33,27,58,6,20,15,16,27,79,42,57,35,7,23,5,17,25,18,59,62,79,14,6,12,53,23,13,6,27,5,44,19,4,36,32,2,6,2,6,4,3,7,28,6,5,5,10,22,5,9,10,9,24,25,9,25,42,30,39,33,20,14,14,27,,30,10,15,59,37,6,22,26,62,54,42,49,97,42,13,54,5,42,4,22,22,13,12,6,21,14,8,9,12,21,36,39,18,68,20,40,32,62,15,20,11,7,3,7,16,6,9,40,18,37,34,7,71,8,18,5,7,7,9,51,4,20,8,25,4,21,7,6,4,45,92,28,49,64,31,4,29,23,21,27,44,49,41,,66,67,49,28,20,14,8,23,23,16,18,15,35,40,24,29,70,,19,24,4,,6,10,7,5,5,3,14,50,56,53,51,57,52,105,21,24,7,7,39,75,76,49,53,55,53,51,37,25,31,53,77,85,36,28,29,7,36,21,32,36,69,5,19,31,15,32,54,49,35,51,2,28,10,2,10,13,30,31,26,10,11,6,4,5,6,14,45,2,8,14,61,33,47,32,37,63,43,40,6,31,45,27,11,24,26,35,36,22,30,18,23,3,8,15,40,18,8,5,36,14,13,2,6,28,70,11,7,26,25,33,37,59,39,58,5,21,7,40,13,72,7,22,3,46,9,11,48,5,19,33,21,31,2,17,38,47,7,2,3,25,26,18,,23,7,72,63,7,,54,77,4,54,32,26,39,42,66,2,5,32,22,35,24,49,49,45,31,35,54,111,,61,37,
20161120,5,O3_24h,67,63,42,43,49,18,31,78,79,64,76,50,22,52,78,50,63,61,57,67,32,51,42,60,28,20,63,39,37,79,42,63,35,57,233,154,144,56,77,137,143,88,83,106,22,80,107,74,14,45,57,61,19,129,93,86,104,77,79,99,102,125,104,51,35,75,109,94,86,39,99,66,63,33,25,44,84,93,63,46,64,71,136,18,35,11,40,22,40,65,44,21,65,39,65,65,94,128,123,56,59,101,80,100,117,145,150,109,96,36,86,66,54,89,64,44,65,44,62,70,53,58,67,82,15,27,87,14,38,49,67,69,20,61,33,42,49,58,106,39,37,57,108,94,101,145,34,81,80,130,57,69,66,83,64,101,114,94,68,68,48,19,42,57,52,64,75,63,63,,70,70,59,77,47,32,24,64,35,21,65,43,39,56,44,70,114,,53,104,75,,49,106,84,60,77,35,87,64,58,77,96,73,59,105,59,48,60,57,69,85,80,66,80,68,58,66,61,44,58,67,81,98,55,30,49,41,51,48,100,86,74,43,52,49,54,57,93,129,57,103,70,47,79,85,38,94,64,105,43,101,81,15,24,15,54,84,71,42,108,18,81,39,49,42,62,63,49,95,39,38,72,30,41,77,58,71,36,103,60,59,62,71,159,82,90,51,86,94,135,106,112,100,51,68,77,39,113,78,63,119,102,99,43,102,81,61,74,113,124,93,77,93,89,101,82,84,83,85,82,75,82,82,83,48,94,81,54,98,28,87,87,93,74,85,82,89,89,83,,112,127,83,112,32,90,111,101,87,60,48,69,77,130,37,67,83,95,143,97,61,130,69,67,45,
20161120,5,O3_8h,7,30,6,26,29,3,12,66,7,14,33,15,10,3,9,27,32,33,26,45,21,30,30,39,8,16,11,23,28,49,39,56,24,13,28,6,31,16,20,53,61,81,12,5,14,43,20,13,5,27,6,52,15,4,49,39,4,13,5,7,20,3,9,33,5,5,5,10,14,5,9,17,13,19,19,7,17,36,44,42,30,21,15,9,16,,25,11,12,61,23,6,27,27,63,54,45,39,111,44,7,63,4,65,7,18,34,21,14,6,18,17,9,10,12,29,50,39,24,63,29,51,41,54,3,13,12,8,3,7,21,8,9,31,16,35,32,4,73,8,17,5,8,5,6,52,5,23,8,25,4,21,8,6,3,52,43,19,38,59,28,4,29,20,25,26,51,50,38,,66,67,54,17,22,20,13,32,22,17,9,27,27,38,26,37,83,,17,34,4,,9,11,7,7,6,2,14,49,57,32,52,56,53,97,15,36,21,6,33,73,74,60,59,52,53,49,42,24,32,48,70,82,38,27,25,12,29,25,38,33,66,10,20,38,14,37,53,22,44,56,2,33,9,2,6,22,34,32,11,20,11,7,4,5,10,15,50,2,6,8,56,29,44,37,49,59,24,44,6,23,39,27,12,19,31,42,24,26,21,10,30,3,11,14,36,19,9,6,37,13,14,3,6,29,67,11,11,24,32,45,34,59,35,46,3,6,6,37,26,75,10,25,5,47,27,10,48,5,23,28,15,36,3,16,36,51,4,2,2,26,21,19,1,30,8,58,56,6,,53,77,4,65,28,42,35,33,64,2,7,30,12,19,27,53,33,48,18,33,52,112,12,62,38,
20161120,5,O3_8h_24h,8,36,7,34,30,4,12,67,8,17,39,15,10,4,11,42,40,33,28,48,21,30,33,39,11,16,13,28,30,49,39,63,24,19,31,9,35,23,33,54,66,81,12,6,15,43,22,18,6,32,6,59,15,4,65,49,7,25,8,13,24,4,12,40,5,5,6,17,14,6,10,28,16,19,19,7,18,38,53,44,30,21,17,9,16,,34,12,13,62,27,7,40,34,63,55,46,42,122,49,7,70,5,75,9,28,49,34,18,6,24,23,10,13,15,35,62,40,33,63,39,56,47,54,3,13,13,11,4,7,27,11,10,31,24,35,33,4,80,10,17,5,12,6,6,52,7,24,11,28,5,21,9,7,4,70,43,20,40,59,36,4,32,23,32,26,55,53,42,,66,67,56,17,23,23,23,36,22,20,9,31,27,46,31,44,95,,18,37,4,,14,13,7,8,9,2,18,52,57,32,54,56,54,98,15,46,33,8,34,73,77,65,64,56,55,50,43,28,40,48,70,82,43,27,26,22,31,31,42,34,66,15,22,45,15,46,57,22,53,62,3,34,9,2,6,27,40,33,11,40,11,9,4,6,11,17,52,2,6,8,56,29,46,40,57,59,24,56,6,23,39,27,12,19,33,57,24,30,21,11,35,3,14,14,39,20,15,8,38,15,26,4,6,32,68,11,19,24,35,60,43,60,35,46,3,6,6,50,42,79,13,27,5,52,37,11,53,6,26,31,15,47,5,17,50,54,5,2,2,26,24,22,2,45,9,58,58,6,,53,77,4,74,28,67,35,33,64,2,10,36,12,20,28,54,33,49,18,35,52,112,17,62,40,
20161120,5,CO,0.88,1.04,3.37,2.27,0.40,3.52,0.98,0.40,0.88,1.07,0.77,1.40,3.17,2.37,1.17,0.57,1.02,1.00,1.03,1.03,1.41,1.14,1.33,0.90,1.70,1.10,1.44,1.37,1.27,1.03,1.26,1.23,1.30,1.56,1.11,1.03,1.70,1.20,1.35,0.53,1.17,0.90,1.37,0.75,1.50,0.50,0.67,1.85,1.79,0.49,2.88,1.29,1.06,1.17,0.79,0.60,1.11,0.73,1.10,1.20,1.00,1.13,0.81,0.47,1.50,2.28,0.91,1.20,0.77,1.86,1.57,1.30,1.45,0.98,1.03,1.03,1.76,0.66,0.55,1.05,0.63,1.23,1.10,1.15,0.87,1.50,0.83,1.45,1.02,0.36,0.67,1.80,1.27,0.70,0.33,0.80,0.68,0.93,0.60,0.67,0.80,0.97,0.75,1.00,1.10,1.10,1.27,0.90,2.50,3.13,1.52,4.38,3.90,2.10,1.70,0.97,0.62,0.55,1.36,0.66,1.25,0.54,1.20,1.70,1.28,1.23,4.35,6.70,3.05,5.13,2.20,1.50,1.48,1.25,1.32,1.50,1.40,0.93,0.57,0.92,0.55,1.20,1.40,1.34,0.97,1.73,1.38,1.02,1.05,1.05,1.30,1.20,1.40,1.30,1.30,1.05,0.50,0.63,1.44,1.13,0.70,1.35,0.35,0.40,0.40,0.40,0.30,0.50,0.50,,0.45,0.30,0.25,1.03,0.85,1.10,2.60,1.05,1.25,1.77,1.45,1.80,1.40,1.05,1.40,1.10,1.15,,1.00,1.00,3.28,,3.24,1.42,1.70,3.83,2.30,1.05,1.57,0.67,,0.25,1.40,0.43,0.45,0.55,0.74,0.70,0.47,1.10,0.57,0.20,1.45,0.80,0.75,0.40,1.10,0.93,0.47,0.83,0.45,0.38,0.30,0.60,0.75,0.60,1.55,1.55,1.87,1.35,0.93,1.13,1.05,1.20,1.60,1.02,2.00,1.20,1.47,0.60,1.00,0.43,0.70,0.50,0.65,1.55,1.05,0.85,0.93,0.43,0.85,1.65,1.15,3.40,4.65,3.03,2.97,1.67,1.90,2.15,1.80,1.42,1.77,2.13,1.30,1.17,1.15,1.20,1.23,1.73,1.40,1.20,1.07,0.80,1.08,0.75,1.33,1.45,0.80,0.85,0.77,0.87,0.73,1.05,0.70,0.95,0.95,0.75,0.70,1.30,0.77,1.02,1.30,0.70,1.47,1.35,0.63,1.05,1.02,0.30,0.50,0.88,0.78,0.53,0.90,0.65,1.20,0.60,0.70,0.95,1.25,0.10,0.25,0.50,0.80,0.30,0.60,0.65,0.35,0.70,0.65,0.30,0.75,0.60,0.80,1.10,1.15,0.20,1.47,2.53,1.55,0.70,1.05,1.40,1.70,0.50,1.65,0.30,0.75,1.05,,1.60,0.60,2.10,0.80,,0.50,2.10,0.60,0.30,1.93,1.50,0.65,1.55,1.70,1.05,2.50,0.80,0.90,1.43,1.60,1.00,0.70,1.40,1.55,0.20,
20161120,5,CO_24h,1.39,1.93,3.43,2.33,0.68,3.35,2.80,0.50,0.78,2.00,2.10,2.80,2.88,1.66,1.17,0.48,0.91,1.11,0.95,1.63,1.77,1.66,1.57,1.60,1.44,1.50,1.55,1.70,1.77,1.67,1.28,1.10,1.45,1.44,1.10,0.98,1.70,1.40,1.60,0.73,0.97,0.95,1.73,0.85,1.58,0.96,0.77,1.98,1.93,0.95,2.55,1.42,1.22,1.18,0.79,0.70,0.99,0.77,0.93,1.10,0.96,1.27,0.84,0.53,1.42,1.75,0.83,1.12,1.00,2.07,1.55,1.90,1.05,1.43,1.10,1.20,1.84,0.60,0.42,1.58,0.70,0.98,1.13,1.60,2.27,2.70,1.70,1.90,1.06,0.68,1.43,1.80,1.33,1.33,0.60,1.43,1.18,1.10,0.65,0.80,1.10,0.93,0.95,1.20,1.35,1.40,1.48,1.20,1.70,2.73,1.30,2.50,4.17,1.47,1.02,0.80,0.58,0.72,0.90,0.94,1.10,0.54,0.84,2.03,1.73,1.51,2.82,5.60,2.70,3.57,1.87,1.27,1.46,1.35,1.32,1.50,1.67,1.07,0.57,1.00,0.60,1.20,1.38,1.74,0.67,1.63,1.27,1.04,1.00,0.95,1.40,1.50,1.80,1.24,1.53,1.00,0.70,0.97,1.40,1.27,1.45,1.70,0.85,1.00,1.00,0.70,0.80,0.75,0.80,,0.65,0.55,0.50,1.43,1.45,1.60,1.90,1.60,1.60,1.70,1.55,1.90,1.85,1.50,1.30,1.20,1.35,,1.10,1.07,2.48,,2.44,0.80,1.90,1.90,1.70,0.85,1.03,0.63,0.20,0.40,0.60,0.67,0.25,0.65,0.64,0.55,0.27,0.80,0.70,0.30,1.65,1.15,0.75,0.65,1.67,0.90,0.57,0.57,0.45,0.50,0.50,0.75,0.75,0.70,1.23,1.32,1.57,1.47,1.17,1.10,1.25,1.10,1.40,1.00,1.85,1.40,1.50,1.08,1.50,1.00,0.83,1.00,1.02,2.35,1.47,0.90,1.23,0.80,1.40,1.18,1.10,5.27,3.50,2.90,2.40,1.40,1.68,1.55,1.53,1.82,1.67,1.80,1.67,1.07,1.45,1.40,1.50,1.80,1.55,1.78,1.35,1.03,1.23,0.65,1.30,1.80,1.40,0.85,0.80,1.00,0.97,1.10,0.65,0.85,0.90,0.95,0.65,1.33,0.77,1.03,1.20,0.73,1.63,1.68,0.93,1.20,1.05,0.55,0.70,0.97,0.67,0.55,1.10,0.90,1.25,0.70,0.50,1.05,1.10,0.45,0.35,0.70,0.95,0.27,0.55,0.75,0.40,0.80,0.75,0.95,1.50,0.60,0.80,1.30,0.95,0.30,1.80,2.17,1.45,0.80,1.05,1.25,1.10,0.50,1.40,0.60,0.85,1.00,,1.70,1.10,1.80,0.80,0.50,0.50,1.00,0.50,0.70,1.37,1.00,0.60,1.60,1.30,1.40,1.40,1.10,1.10,2.00,2.25,1.45,0.80,1.00,1.60,0.40,
20161120,6,AQI,71,51,254,70,35,190,88,45,58,52,54,81,201,120,49,41,54,40,76,83,65,50,84,28,105,140,105,90,74,88,61,56,65,116,104,99,54,55,59,63,79,109,160,60,55,19,85,72,110,52,264,105,54,65,44,37,71,48,63,65,56,101,49,24,111,177,83,86,62,160,146,119,86,37,60,40,68,36,58,50,34,42,133,83,53,147,44,86,100,48,51,85,121,52,35,43,29,83,43,49,52,56,55,59,52,96,106,53,47,248,80,148,201,119,75,69,50,51,62,53,99,49,61,70,75,56,275,246,217,266,197,141,75,100,60,81,70,76,44,50,26,140,131,68,171,252,173,99,94,65,146,85,73,114,151,81,33,54,26,55,47,125,46,45,36,51,54,39,47,,30,35,42,70,78,99,101,96,79,161,83,118,88,73,136,131,106,,71,113,214,,138,85,68,140,84,138,71,41,17,39,33,18,17,39,53,61,59,75,53,27,27,40,24,25,30,47,55,50,36,36,40,33,89,13,179,93,200,31,35,47,138,133,228,54,105,33,65,17,15,17,43,17,59,34,66,64,30,45,94,73,89,203,247,216,190,181,176,146,194,88,151,241,88,177,86,63,103,103,74,24,39,64,34,55,52,26,55,30,45,60,46,36,90,35,65,23,55,102,96,108,119,101,78,73,71,54,76,19,44,45,95,38,38,119,58,59,76,19,120,20,43,20,35,47,58,34,18,31,27,53,22,33,53,34,59,29,102,125,105,91,109,103,110,64,84,25,120,110,,76,104,184,47,49,55,52,40,33,109,78,74,61,39,35,29,77,340,263,133,34,34,33,29,16,
20161120,6,PM2.5,52,35,204,48,23,143,65,10,27,33,36,60,151,91,17,29,38,28,56,61,47,35,55,15,79,107,79,67,53,65,44,35,47,88,78,74,38,39,42,45,58,82,122,43,39,13,62,41,83,22,214,79,38,45,27,26,52,30,45,47,38,76,28,9,84,134,51,42,25,122,76,54,53,26,43,28,38,9,41,28,23,29,101,61,33,109,18,64,75,22,26,63,92,34,15,15,20,61,30,30,36,40,38,42,34,72,80,31,19,198,46,113,151,87,55,50,35,36,43,21,74,34,44,51,55,40,225,196,167,216,148,108,55,75,43,60,51,56,28,35,7,107,100,39,130,202,131,74,70,19,112,61,27,70,116,38,12,27,18,23,25,95,20,30,17,26,33,16,15,,16,10,13,51,57,74,66,72,58,123,61,89,65,53,91,100,80,,43,85,164,,105,57,45,107,31,76,44,29,12,11,12,11,6,15,37,44,42,51,28,19,19,28,13,17,14,33,31,35,15,25,28,23,66,,135,69,150,22,23,25,105,101,178,38,79,23,47,12,9,8,27,12,42,24,48,46,21,26,70,53,66,153,197,166,143,137,133,112,146,65,116,191,65,134,64,45,77,77,54,16,27,46,24,39,29,16,35,20,29,41,24,21,67,20,47,15,36,36,72,81,90,76,34,53,52,37,50,11,28,28,71,26,19,90,24,42,56,13,91,11,30,12,22,33,37,24,4,8,19,37,7,10,30,24,28,15,65,72,79,52,62,49,60,46,32,16,64,81,,36,52,94,13,14,16,27,20,23,76,51,31,32,26,14,16,49,99,118,77,24,9,23,12,11,
20161120,6,PM2.5_24h,91,93,258,100,39,188,191,21,27,68,85,149,187,71,40,21,31,41,56,107,51,66,88,88,77,77,73,77,63,83,70,62,89,110,106,74,96,85,87,51,54,78,121,61,47,43,68,54,110,69,198,59,41,60,30,26,58,32,44,47,40,79,37,14,78,100,41,34,50,118,80,77,49,50,40,45,73,30,27,47,19,34,77,92,120,170,72,73,71,30,89,79,93,110,23,64,55,54,36,43,50,40,43,46,64,79,92,78,20,179,33,99,169,70,40,32,22,31,37,41,48,38,30,73,42,69,168,274,180,220,156,67,62,56,41,37,46,57,28,41,10,77,83,43,102,134,116,66,72,25,124,64,43,67,125,40,26,40,23,26,82,113,59,86,70,38,49,20,33,,25,23,16,74,84,86,80,90,42,126,65,68,59,80,95,108,78,,32,85,107,,121,53,68,88,60,87,36,29,30,26,18,28,15,21,26,25,28,38,34,29,48,66,29,42,63,29,32,25,19,24,29,33,38,13,61,51,97,54,51,28,50,79,102,34,109,63,68,55,31,32,28,31,58,69,84,61,48,67,80,59,66,261,209,198,141,149,101,107,134,65,59,102,64,57,54,40,57,65,47,68,63,30,34,63,40,31,49,71,26,41,52,48,66,56,44,36,35,39,57,83,73,86,36,59,67,38,49,22,29,33,55,22,25,82,21,37,34,16,57,11,27,13,24,27,26,26,12,24,15,21,45,18,61,61,25,13,87,70,59,61,69,60,72,48,38,28,45,67,,42,57,99,23,52,27,38,19,23,61,42,36,41,31,33,16,83,55,124,60,44,20,22,14,25,
20161120,6,PM10,,52,302,89,35,278,97,45,66,54,57,104,230,181,49,37,53,30,79,,76,,117,28,127,,124,125,98,85,46,62,,143,126,105,50,,59,71,80,113,145,53,44,,120,93,141,53,263,85,44,80,44,37,83,48,74,69,61,101,49,24,117,234,116,122,74,242,242,187,122,24,47,40,86,36,53,50,34,42,78,76,56,244,44,114,111,48,52,80,100,53,35,43,23,82,40,49,53,54,59,59,53,66,106,56,47,246,110,193,220,188,81,66,41,50,74,55,88,42,63,70,59,,348,345,,359,193,192,82,113,59,92,68,64,44,44,26,156,138,85,206,258,205,100,119,79,198,120,96,178,217,111,33,57,25,59,47,150,46,45,36,52,58,39,47,,30,35,42,88,87,106,152,114,79,169,65,135,99,80,222,148,102,,89,113,265,,161,119,86,203,118,226,91,41,13,39,33,14,16,39,55,57,52,99,55,22,27,40,24,25,30,39,60,46,36,32,,31,85,13,170,109,153,28,35,47,142,139,,53,88,33,63,13,15,,43,,66,32,79,50,27,45,115,76,104,238,372,191,168,219,194,203,232,95,145,215,96,150,99,60,90,118,71,24,36,69,33,55,53,26,59,30,45,70,46,36,82,35,59,23,59,153,91,114,142,113,105,76,74,57,102,19,44,45,127,38,38,105,65,64,92,17,128,16,42,20,35,46,65,28,18,31,25,32,22,33,55,31,68,29,154,199,105,131,167,156,170,74,117,25,189,169,,102,157,318,47,49,60,54,40,33,167,106,98,71,39,35,29,104,452,394,216,27,10,,29,13,
20161120,6,PM10_24h,,121,380,140,55,352,273,107,66,99,111,250,283,139,114,27,40,53,73,142,95,138,162,147,117,105,122,124,104,119,120,101,105,175,165,128,140,128,140,93,87,132,152,86,77,108,119,101,153,117,234,77,58,99,44,40,88,51,72,71,77,133,58,33,117,169,82,94,152,259,298,324,122,60,68,79,213,110,35,78,28,46,152,129,170,271,100,107,120,49,136,107,112,144,40,93,106,90,54,64,100,63,71,59,91,111,141,131,46,228,97,146,263,148,66,47,30,40,46,101,58,64,49,122,66,104,277,439,214,324,215,170,87,90,60,74,70,77,46,56,28,129,120,96,166,176,185,93,124,74,274,167,144,196,243,117,73,133,35,60,115,161,89,107,90,56,79,36,51,,33,40,37,156,136,135,160,151,71,177,94,120,88,121,166,157,107,,52,116,169,,164,103,138,186,130,212,88,43,39,69,61,33,33,63,39,34,34,60,61,36,70,91,49,56,66,42,56,42,31,35,66,38,56,26,89,80,107,84,77,58,71,106,92,52,127,86,92,88,67,62,54,61,108,120,142,94,81,103,126,83,115,435,310,260,188,208,159,180,190,127,87,100,98,83,82,57,92,92,68,89,82,57,56,95,72,51,94,106,40,62,67,75,106,89,71,40,56,163,79,116,100,122,114,105,112,61,105,56,51,53,99,32,72,106,70,60,59,33,93,23,47,32,38,47,45,45,27,51,33,56,95,43,85,65,55,33,167,225,90,235,216,195,168,92,130,86,131,188,,117,152,430,80,147,75,106,50,66,132,89,93,115,60,101,24,275,245,290,184,53,37,20,37,33,
20161120,6,SO2,4,15,28,73,19,80,36,11,15,5,14,27,42,128,44,63,48,48,71,12,11,14,15,11,14,11,23,15,12,11,7,12,9,18,13,13,17,11,11,10,10,17,12,9,15,4,31,14,21,19,26,9,11,20,6,16,19,21,39,22,13,20,10,5,19,27,12,25,6,26,40,20,99,18,18,10,22,17,15,22,29,104,14,11,17,16,20,44,17,12,32,31,34,15,7,22,10,22,7,8,24,15,15,14,12,17,35,11,31,37,116,79,164,81,33,61,19,20,97,16,30,18,31,11,11,13,36,44,42,27,28,20,13,21,10,9,11,8,10,11,2,14,28,20,20,31,17,11,13,16,18,18,34,38,19,21,9,55,6,4,12,23,9,8,13,29,9,12,17,,3,4,8,7,11,23,32,14,14,15,13,10,22,10,10,19,27,,294,9,23,,86,114,163,92,76,104,41,21,2,26,25,10,13,12,121,44,12,87,36,16,10,13,36,6,7,18,27,32,7,13,10,30,26,1,15,16,15,34,19,9,10,24,6,15,18,20,21,7,6,8,7,4,4,18,51,16,14,24,20,8,36,23,29,31,50,10,20,13,18,17,19,11,14,17,4,6,6,9,28,7,25,21,42,24,5,8,5,5,10,13,19,16,24,9,11,5,26,22,13,17,69,13,29,13,17,5,12,15,32,36,22,28,13,7,20,3,16,6,65,8,4,3,16,21,13,10,6,1,7,5,6,5,8,22,45,5,19,32,31,9,65,60,69,8,16,9,62,28,,27,10,19,14,10,19,15,19,18,27,37,8,11,10,16,16,24,1,11,94,5,2,15,8,13,
20161120,6,SO2_24h,8,16,50,36,15,73,45,13,11,8,21,36,40,87,33,36,22,37,48,22,13,20,29,24,15,15,20,21,17,16,12,14,14,15,17,26,25,17,17,18,11,17,39,13,12,9,24,17,23,24,30,9,14,20,8,12,16,16,17,14,9,21,12,4,18,19,14,25,9,26,26,28,103,20,19,19,35,9,10,36,19,77,22,16,27,24,21,34,22,21,35,24,34,28,8,31,18,18,8,10,19,11,14,9,17,24,29,17,29,27,59,76,225,63,38,30,12,24,48,26,39,20,20,20,13,25,38,59,33,33,34,23,12,19,13,8,13,11,10,9,3,14,21,48,24,20,21,11,15,18,24,25,48,16,30,65,13,122,7,7,24,18,14,20,24,20,12,8,21,,5,7,7,14,18,28,31,25,16,23,19,19,26,25,7,11,28,,27,14,23,,68,67,137,73,73,87,35,10,5,36,25,8,22,18,43,26,8,53,15,26,23,29,15,13,18,12,12,20,7,14,5,35,15,13,11,16,18,20,19,10,14,23,13,14,15,18,27,13,14,21,14,7,11,46,64,37,22,29,33,9,39,54,26,21,38,14,18,12,21,18,15,11,13,14,7,8,5,10,26,13,32,18,30,28,20,11,10,11,11,13,28,22,28,16,9,12,20,19,12,20,24,14,20,13,18,5,11,14,35,35,22,23,17,13,17,9,7,11,41,11,4,4,25,21,10,12,8,3,9,14,7,6,13,32,46,4,21,36,18,10,115,61,35,13,19,13,60,39,,41,14,28,18,26,21,29,35,19,85,44,13,17,11,15,6,25,3,21,79,15,4,16,10,20,
20161120,6,NO2,41,46,57,57,23,80,35,9,45,34,37,31,66,63,55,46,41,23,61,29,31,43,20,16,35,7,42,29,13,17,14,19,16,64,70,63,49,24,34,13,16,28,52,28,37,16,57,40,50,38,79,28,21,63,39,56,59,64,70,47,29,69,35,8,42,60,48,44,32,53,59,47,61,39,16,28,40,26,32,17,27,46,48,38,18,27,31,49,25,16,23,65,43,27,6,14,16,26,4,7,30,13,29,20,46,28,47,37,28,70,41,62,36,72,19,38,28,23,34,14,25,28,31,43,29,20,82,61,72,72,45,51,30,39,24,24,12,27,9,30,12,45,40,44,28,50,34,26,39,32,52,39,45,44,44,12,11,25,14,12,26,40,21,36,36,25,20,18,20,,6,10,15,28,27,36,34,22,34,30,44,20,26,10,33,58,21,,58,55,65,,59,60,42,65,39,23,45,19,7,17,20,9,7,7,29,33,45,31,19,9,8,14,15,9,6,35,32,22,20,24,43,27,28,17,41,34,46,48,37,36,21,41,37,31,34,53,27,14,18,10,29,31,7,25,46,22,19,13,15,28,43,51,108,81,75,43,34,53,62,36,29,28,22,32,3,10,17,17,15,17,11,22,32,16,10,12,4,10,17,17,17,42,21,10,25,18,24,42,30,29,47,52,25,26,23,22,33,8,47,29,44,7,2,14,37,10,25,8,38,4,18,13,35,10,27,12,12,17,12,10,23,14,23,41,45,11,25,60,41,34,55,51,58,28,75,9,40,50,,55,32,57,12,2,26,14,22,8,46,33,33,34,30,35,19,28,34,32,27,10,11,47,7,10,
20161120,6,NO2_24h,54,50,100,51,32,100,90,20,36,43,49,72,85,57,44,28,32,37,55,85,46,80,55,42,45,17,55,52,47,55,34,37,41,81,78,83,62,64,71,29,24,55,64,42,47,53,59,47,65,40,76,41,36,81,35,50,61,53,50,41,33,77,35,12,58,70,42,42,47,63,69,65,62,50,38,43,49,28,20,34,20,29,56,46,57,52,47,50,35,27,41,69,46,44,12,29,31,30,7,14,46,14,28,11,62,32,45,54,28,63,33,61,56,54,21,26,18,24,23,26,29,24,27,55,47,45,62,97,65,77,49,49,39,47,25,24,15,33,11,34,11,57,40,55,35,60,43,36,42,34,61,47,55,45,57,27,35,40,17,25,38,42,34,45,41,25,27,17,23,,15,20,17,60,60,60,52,42,48,54,64,26,41,35,36,61,49,,30,32,43,,64,35,45,56,38,34,32,18,19,34,23,17,14,15,21,21,20,25,21,19,22,21,20,24,18,23,17,20,24,30,34,34,21,17,42,29,47,59,36,32,47,34,44,39,38,51,55,33,32,24,32,35,23,37,56,30,30,27,38,23,47,85,98,77,62,41,40,43,57,47,38,43,42,35,7,34,38,25,25,38,28,26,46,27,16,22,20,27,20,25,27,34,26,23,29,13,20,41,32,35,38,50,27,45,36,36,32,19,63,35,39,12,20,32,35,37,20,14,35,14,17,17,30,12,21,18,16,24,17,20,45,32,28,30,35,15,40,47,32,32,48,54,53,24,69,27,36,44,,54,26,59,14,15,24,19,29,22,43,28,31,44,42,42,16,48,31,56,38,30,15,31,13,16,
20161120,6,O3,9,20,3,9,43,3,24,65,6,12,27,24,9,3,7,15,22,41,21,36,27,25,42,69,6,24,13,21,42,69,44,56,34,10,15,5,13,34,38,44,67,74,12,6,12,48,22,11,6,21,5,36,18,4,37,28,2,6,4,5,11,3,7,28,6,5,6,6,23,5,9,10,10,21,25,11,26,40,26,37,29,20,7,11,38,,31,7,16,54,32,7,27,27,61,54,44,58,91,44,14,50,3,54,5,17,16,11,10,6,18,15,8,8,12,16,30,30,18,66,30,32,31,65,23,24,11,7,2,6,16,6,9,38,37,39,30,5,75,7,13,5,6,6,6,53,3,21,7,30,5,22,7,6,3,52,98,31,46,62,32,3,26,23,20,21,43,44,42,,63,67,44,21,16,17,21,19,27,26,14,14,30,41,25,33,57,,5,7,4,,7,10,7,5,5,2,14,38,55,54,50,57,54,105,18,18,5,6,44,75,68,49,51,58,54,45,29,27,23,47,61,80,37,28,29,10,55,18,32,39,69,3,20,32,18,34,62,51,35,55,3,15,16,2,4,15,25,25,25,11,11,7,4,4,3,12,40,2,6,14,57,36,39,30,37,58,41,37,7,26,41,22,11,30,25,43,38,28,33,28,24,3,6,15,31,10,7,5,36,6,11,2,6,26,65,10,7,27,27,38,36,58,33,57,4,21,7,46,14,65,9,22,3,41,8,13,46,10,21,34,24,27,2,10,42,48,10,2,7,19,20,18,1,26,7,77,38,5,,54,79,4,58,32,31,42,38,65,2,4,27,31,48,18,42,61,22,37,27,55,108,,62,39,
20161120,6,O3_24h,67,63,42,43,49,18,32,78,79,64,76,50,22,52,78,50,63,61,57,67,33,51,45,69,28,24,63,39,42,79,44,63,35,57,233,154,144,56,77,137,143,88,83,106,22,80,107,74,14,45,57,61,20,129,93,86,104,77,79,99,102,125,104,51,34,75,109,94,86,39,99,62,63,33,26,44,84,93,63,46,64,71,136,18,38,11,40,22,40,65,44,21,65,39,65,65,94,128,123,56,59,101,80,100,117,145,150,109,96,36,86,66,54,89,63,44,65,44,62,70,53,58,67,91,23,29,87,14,38,49,67,69,20,61,39,42,49,58,106,39,37,57,108,94,101,145,34,81,80,130,57,69,66,83,64,101,111,82,68,68,48,19,42,57,52,64,75,63,63,,70,70,59,77,47,32,24,64,35,26,65,43,39,56,44,70,114,,53,104,75,,48,106,84,60,77,34,87,64,58,77,96,73,58,105,59,48,60,57,69,85,80,66,80,68,58,65,61,44,58,67,81,98,55,30,49,41,70,48,100,86,74,43,52,49,54,57,93,129,57,103,70,47,79,85,38,94,64,105,43,101,81,15,24,15,54,84,71,42,108,19,81,40,49,42,62,63,49,95,39,38,72,30,41,77,58,71,38,103,60,59,62,71,159,82,90,51,86,94,135,106,112,100,51,68,77,39,113,78,63,119,102,99,43,102,81,61,74,113,124,93,77,93,89,101,82,84,83,85,82,75,82,82,83,48,94,81,54,98,28,87,87,93,74,85,82,89,89,83,,112,127,83,112,32,90,111,101,87,60,48,69,77,130,37,67,83,95,143,97,55,130,69,67,45,
20161120,6,O3_8h,7,29,5,23,31,3,14,66,7,13,32,16,10,3,9,25,30,35,25,43,22,29,32,44,7,17,11,22,30,52,40,56,26,12,25,6,28,19,23,51,62,80,12,5,14,44,20,13,6,26,6,49,15,4,47,37,3,12,5,7,20,3,9,32,5,5,5,10,15,5,9,16,13,19,20,8,19,37,41,41,30,21,14,9,20,,26,10,13,60,25,6,27,27,63,54,45,42,108,44,8,61,4,63,6,18,31,19,13,6,18,17,9,10,12,27,47,38,23,63,30,48,40,56,7,15,12,8,3,7,20,8,9,32,19,36,31,5,73,8,16,5,8,5,6,52,5,22,8,27,4,21,8,6,3,52,52,21,40,60,28,4,29,21,24,25,49,49,38,,66,67,52,18,21,19,15,30,23,19,9,25,28,39,26,36,78,,15,29,4,,8,11,7,7,6,2,14,47,56,35,51,57,53,98,15,33,19,6,35,74,73,58,58,53,54,48,40,24,31,48,69,82,38,27,26,12,33,24,36,34,66,9,20,37,15,36,54,27,43,56,2,30,10,2,6,21,33,31,13,19,11,7,4,5,9,15,48,2,6,9,57,30,44,36,47,58,27,43,6,23,40,26,11,20,30,42,26,26,23,13,29,3,10,14,36,17,9,6,37,12,14,3,6,29,66,11,10,25,31,44,34,59,35,48,3,8,6,38,24,74,10,24,5,46,24,11,48,6,23,29,16,34,2,15,38,50,6,2,3,25,21,19,1,30,8,61,53,6,,53,77,4,64,29,40,36,34,64,2,6,29,16,24,25,51,38,44,22,31,53,111,10,62,38,
20161120,6,O3_8h_24h,8,36,7,34,32,4,14,67,8,17,39,16,10,4,11,42,40,35,28,48,22,30,34,44,11,17,13,28,31,52,40,63,26,19,31,9,35,23,33,54,66,81,12,6,15,44,22,18,6,32,6,59,15,4,65,49,7,25,8,13,24,4,12,40,5,5,6,17,15,6,10,28,16,20,20,8,19,39,53,44,30,21,17,10,20,,34,12,13,62,27,7,40,34,63,55,46,44,122,49,8,70,5,75,9,28,49,34,18,6,25,23,10,13,15,35,62,40,33,63,39,56,47,56,7,15,13,11,4,7,27,11,10,32,24,36,33,5,80,10,17,5,13,6,6,52,7,24,11,29,5,21,9,7,4,70,52,21,42,60,36,4,32,23,32,26,55,53,42,,66,67,56,18,23,23,23,36,23,20,9,31,28,46,31,44,95,,18,37,4,,14,13,7,8,9,2,18,52,57,35,54,57,54,98,16,46,33,8,36,74,77,65,64,56,55,50,43,29,40,48,70,83,43,27,26,22,35,31,42,35,66,15,22,45,15,46,58,27,53,62,3,34,10,2,6,27,40,33,13,40,11,9,4,6,11,17,52,2,6,9,57,30,46,40,57,59,27,56,6,23,40,27,12,20,33,57,26,30,23,14,35,3,14,14,39,20,15,8,38,15,26,4,6,32,68,11,19,25,35,60,44,60,35,48,3,8,6,50,42,79,13,27,5,52,37,11,53,6,26,32,16,47,5,17,52,54,6,2,3,26,24,22,2,45,9,61,58,6,,53,77,4,74,29,67,36,34,64,2,10,36,16,24,28,54,38,49,22,35,53,112,17,62,40,
20161120,6,CO,0.85,1.01,2.80,2.63,0.42,3.53,1.05,0.43,0.85,1.13,0.63,1.25,2.42,2.31,1.20,0.63,1.04,0.98,1.01,0.99,1.32,1.16,1.10,0.70,1.50,1.00,1.44,1.30,1.03,1.13,1.42,1.30,1.50,1.51,1.19,0.98,1.70,1.10,1.20,0.57,1.07,0.95,1.40,0.80,1.50,0.50,0.70,1.78,1.89,0.50,3.10,1.27,1.06,1.13,0.85,0.60,1.15,0.67,1.00,1.18,0.92,1.13,0.80,0.50,1.52,2.30,0.87,1.14,0.70,1.97,1.77,1.50,1.35,1.03,1.02,1.00,1.58,0.82,0.57,1.08,0.70,1.18,1.10,1.10,0.63,2.10,0.87,1.65,1.02,0.40,0.73,1.70,1.50,0.67,0.33,0.80,0.74,0.98,0.62,0.63,0.80,0.90,0.85,1.00,1.00,1.05,1.27,0.85,2.47,3.13,1.50,4.20,3.70,2.27,1.68,1.10,0.67,0.75,1.16,0.66,1.30,0.62,1.22,1.57,1.30,1.19,4.25,7.10,3.05,4.83,2.17,1.63,1.44,1.35,1.30,1.60,1.40,0.97,0.53,0.92,0.55,1.23,1.54,1.28,0.83,1.73,1.43,1.04,0.90,0.90,1.45,1.17,1.53,1.44,1.43,0.90,0.60,0.70,1.48,1.13,0.75,1.30,0.40,0.40,0.40,0.40,0.30,0.55,0.50,,0.45,0.30,0.25,0.97,0.90,1.15,1.65,1.05,1.20,1.10,1.50,1.80,1.65,1.05,1.40,1.15,1.15,,1.50,1.40,3.40,,3.48,1.80,1.50,3.45,2.00,1.20,1.73,0.57,,0.20,1.40,0.43,0.50,0.50,0.84,0.77,0.50,1.07,0.60,0.20,1.50,0.65,0.75,0.40,1.10,1.00,0.53,0.60,0.55,0.42,0.40,0.65,0.85,0.60,1.37,1.60,1.73,1.38,0.93,1.17,1.00,1.30,1.50,1.02,2.05,1.20,1.27,0.63,0.97,0.43,0.70,0.50,0.65,1.60,1.05,0.80,0.95,0.63,0.88,1.72,1.20,3.47,4.97,3.10,3.70,1.70,2.02,2.30,1.87,1.44,1.83,2.17,1.33,1.27,1.20,1.20,1.23,1.63,1.40,1.28,1.00,0.83,1.13,0.72,1.38,1.45,0.85,0.77,0.73,0.87,0.67,1.10,0.75,0.75,0.95,0.75,0.70,1.37,0.73,1.02,1.30,0.70,1.43,1.33,0.63,1.00,1.00,0.25,0.55,0.85,0.90,0.55,0.95,0.65,1.35,0.60,0.60,0.90,1.20,0.10,0.25,0.55,0.80,0.37,0.60,0.60,0.35,0.70,0.65,0.30,0.75,0.55,0.70,0.80,1.15,0.35,1.47,2.50,1.70,0.70,1.30,1.30,1.70,0.50,1.60,0.25,1.10,1.20,,1.60,0.50,2.20,0.80,,0.50,0.80,0.70,0.30,1.90,1.80,0.70,1.35,1.45,1.00,2.50,0.70,1.00,1.37,1.90,1.00,0.90,1.60,1.60,0.10,
20161120,6,CO_24h,1.33,1.80,3.43,2.18,0.64,3.35,2.72,0.50,0.70,1.90,1.93,2.70,2.88,1.67,1.18,0.49,0.91,1.11,0.98,1.59,1.73,1.63,1.57,1.60,1.44,1.40,1.54,1.67,1.73,1.63,1.30,1.13,1.45,1.46,1.10,1.00,1.70,1.40,1.55,0.70,1.03,0.95,1.73,0.85,1.58,0.90,0.77,1.97,1.96,0.94,2.61,1.42,1.23,1.18,0.79,0.68,1.00,0.77,0.97,1.12,0.96,1.23,0.84,0.50,1.43,1.82,0.84,1.12,1.00,2.05,1.55,1.95,1.10,1.42,1.07,1.15,1.86,0.60,0.42,1.55,0.70,1.02,1.13,1.55,2.20,2.80,1.63,1.90,1.04,0.66,1.33,1.85,1.40,1.27,0.57,1.37,1.18,1.10,0.65,0.80,1.10,0.93,0.90,1.20,1.35,1.40,1.48,1.15,1.73,2.83,1.30,2.58,4.10,1.48,1.08,0.80,0.58,0.65,0.90,0.94,1.10,0.54,0.86,2.03,1.65,1.50,2.87,5.75,2.75,3.70,1.87,1.27,1.46,1.35,1.34,1.50,1.63,1.07,0.57,1.02,0.60,1.20,1.40,1.74,0.67,1.63,1.30,1.04,1.00,0.90,1.40,1.50,1.83,1.23,1.53,1.00,0.70,1.00,1.42,1.27,1.35,1.65,0.80,1.00,1.00,0.60,0.75,0.70,0.80,,0.65,0.55,0.45,1.43,1.35,1.60,1.90,1.60,1.55,1.67,1.55,1.90,1.85,1.45,1.30,1.20,1.35,,1.10,1.05,2.50,,2.50,0.88,1.83,1.93,1.65,0.95,1.10,0.63,0.20,0.40,0.65,0.67,0.25,0.65,0.64,0.55,0.27,0.82,0.70,0.30,1.60,1.05,0.75,0.65,1.63,0.93,0.63,0.60,0.45,0.50,0.50,0.75,0.75,0.70,1.23,1.32,1.57,1.43,1.17,1.10,1.25,1.15,1.40,1.02,1.90,1.40,1.50,1.08,1.53,0.97,0.83,1.00,1.02,2.35,1.47,0.90,1.20,0.77,1.40,1.20,1.10,5.23,3.60,2.93,2.50,1.45,1.70,1.65,1.53,1.82,1.67,1.83,1.63,1.10,1.45,1.40,1.50,1.80,1.55,1.76,1.33,1.03,1.23,0.72,1.30,1.80,1.40,0.85,0.80,1.00,0.97,1.05,0.65,0.85,0.90,0.95,0.65,1.33,0.77,1.03,1.20,0.77,1.63,1.68,0.93,1.20,1.05,0.50,0.70,0.97,0.67,0.55,1.10,0.85,1.25,0.80,0.50,1.00,1.05,0.45,0.35,0.70,0.95,0.27,0.55,0.75,0.40,0.80,0.75,0.95,1.50,0.60,0.80,1.30,1.00,0.30,1.80,2.17,1.45,0.80,1.05,1.25,1.20,0.50,1.40,0.60,0.90,1.05,,1.70,1.10,1.80,0.80,0.40,0.50,1.00,0.50,0.70,1.47,1.10,0.60,1.65,1.30,1.30,1.50,1.10,1.10,2.00,2.25,1.45,0.70,1.10,1.60,0.40,
20161120,7,AQI,68,51,227,63,32,215,88,45,63,51,56,79,187,116,53,51,50,39,79,95,83,55,53,30,101,115,111,77,64,52,66,58,63,86,80,103,60,53,63,58,61,109,157,51,59,17,88,60,111,58,252,104,51,68,48,43,78,46,63,63,54,101,48,24,111,169,75,87,67,159,140,112,86,33,58,47,66,38,68,54,43,51,130,71,42,146,47,89,101,51,59,78,111,48,38,40,29,86,40,46,55,55,60,52,53,98,104,61,32,237,76,151,177,135,78,75,56,56,61,53,104,51,65,99,78,46,271,252,221,230,181,184,79,116,74,81,64,71,44,54,27,133,133,65,150,240,187,94,83,63,164,86,76,110,160,70,35,62,31,46,41,144,45,43,40,51,44,45,45,,30,32,33,75,80,98,91,88,78,129,85,98,94,79,131,121,95,,60,128,213,,149,94,71,148,86,136,77,41,24,42,34,17,19,52,56,70,58,79,52,29,26,44,37,24,25,59,66,51,42,37,60,41,73,17,161,109,173,36,41,51,131,119,215,55,123,27,88,17,11,15,31,20,56,41,62,55,33,40,74,60,91,191,262,211,199,170,167,171,203,95,163,230,93,197,85,69,109,96,71,24,39,66,35,47,54,37,57,29,39,56,37,36,84,37,63,20,55,97,90,115,116,116,80,74,63,49,73,21,41,49,100,39,42,113,53,58,71,20,111,18,46,21,38,51,58,39,20,55,30,19,29,30,53,33,53,31,101,115,120,91,106,98,106,60,87,25,136,112,,75,80,237,47,48,51,48,36,34,91,90,76,59,39,38,29,75,326,313,126,40,35,36,29,13,
20161120,7,PM2.5,49,33,177,45,19,165,65,13,27,33,35,58,141,88,19,36,35,27,58,71,61,39,21,14,76,87,84,53,39,35,48,34,45,64,59,77,43,37,45,40,44,82,120,36,42,12,65,37,84,24,202,78,36,48,28,30,57,32,42,45,38,76,28,9,84,128,47,42,31,121,73,53,53,23,41,33,37,9,49,33,25,32,99,52,26,112,20,66,76,23,29,57,84,32,12,18,20,64,28,32,34,39,43,35,37,73,78,38,19,187,45,116,134,95,57,55,40,40,44,24,78,35,47,74,57,32,221,202,171,180,137,139,58,88,54,60,46,52,25,38,9,101,101,40,115,190,141,70,61,10,125,59,28,70,122,26,16,31,22,18,26,110,22,26,22,18,16,16,17,,16,9,14,55,59,73,44,65,57,98,63,73,70,58,54,92,71,,43,97,163,,114,61,48,113,33,76,41,29,17,18,17,12,6,17,38,51,41,54,25,20,18,31,17,15,16,42,38,31,25,26,30,29,53,,123,82,131,25,29,22,100,90,165,39,93,15,65,12,7,8,16,13,40,29,43,39,23,25,54,43,68,144,212,161,149,129,127,130,153,71,124,180,69,148,63,50,82,72,52,14,27,48,17,33,29,26,39,20,26,36,25,22,62,26,45,14,39,34,67,87,88,88,40,54,45,32,51,15,29,30,75,27,10,85,20,41,52,13,84,11,30,9,25,36,38,20,6,39,21,8,13,9,37,23,23,14,67,70,91,52,76,51,59,43,27,16,74,81,,28,50,92,12,15,22,26,15,20,65,55,32,35,25,17,16,45,110,117,73,28,9,25,11,9,
20161120,7,PM2.5_24h,88,88,255,92,37,185,184,21,26,64,83,142,185,72,40,21,30,40,57,107,52,65,86,84,77,76,74,76,63,83,70,62,88,109,105,75,94,85,86,51,55,80,124,60,47,42,68,54,111,67,202,60,41,58,29,25,57,31,44,46,39,75,36,14,79,102,41,34,50,117,80,76,50,49,41,45,72,25,28,45,20,33,78,88,113,170,69,72,71,29,84,78,94,105,22,61,53,54,35,40,50,40,42,47,62,80,91,72,20,182,33,101,167,69,42,33,22,30,37,39,50,37,31,75,43,67,171,271,182,221,158,67,61,58,42,38,46,57,27,39,10,78,84,43,104,139,119,67,73,25,123,63,43,66,123,39,26,41,23,26,76,113,57,85,68,37,46,20,32,,24,22,15,75,84,87,79,90,43,126,65,69,60,79,95,110,78,,32,87,111,,121,54,64,86,55,87,36,29,28,25,18,27,14,20,27,27,28,39,33,28,46,63,29,42,59,29,33,26,19,24,28,34,39,13,65,53,99,53,50,29,52,81,107,34,108,62,70,53,30,31,28,31,58,68,84,61,47,65,79,59,66,255,213,199,144,151,104,110,137,65,62,107,64,62,55,40,59,66,48,66,62,31,33,62,40,31,49,69,26,40,48,44,66,54,44,33,35,39,58,84,74,86,37,60,64,39,49,22,29,33,56,22,25,82,22,37,34,16,59,11,27,13,23,27,27,26,12,25,15,21,45,18,61,60,25,13,86,71,60,60,69,60,73,48,38,28,46,66,,42,56,96,23,51,27,38,19,23,63,42,35,42,31,32,16,81,58,126,62,43,20,23,14,24,
20161120,7,PM10,,52,258,73,32,295,85,45,76,52,61,86,246,178,56,43,50,29,69,,87,47,56,30,104,,137,104,77,54,69,65,49,103,97,107,59,,64,65,56,118,150,52,43,8,109,69,145,66,242,88,47,86,48,43,90,45,75,71,51,93,48,24,118,220,99,123,83,243,230,173,122,30,55,45,81,38,63,57,43,52,71,69,42,225,47,118,112,52,67,68,102,48,38,40,12,80,39,46,60,55,70,53,49,77,102,72,32,226,102,195,188,219,87,74,55,52,66,56,79,51,65,94,59,44,345,335,190,323,193,209,81,123,67,99,72,61,44,48,27,154,140,79,198,241,209,102,100,75,201,122,101,170,210,89,35,74,28,46,41,185,45,43,40,51,44,45,45,,30,32,33,94,83,111,131,114,88,140,84,130,105,80,212,136,97,,68,146,280,,173,137,91,204,121,222,103,40,,42,34,16,19,54,62,74,58,108,53,22,24,43,37,24,25,56,81,51,42,30,69,41,71,17,162,111,129,36,24,52,135,132,,53,101,27,50,16,11,,31,,51,35,74,,30,40,93,55,110,219,391,180,192,218,187,236,214,100,156,207,98,176,102,60,95,107,73,24,34,67,35,44,58,36,63,26,39,62,37,36,80,37,58,14,53,144,90,119,143,115,110,73,74,49,95,18,36,49,117,39,42,98,56,61,79,20,147,17,46,21,38,50,66,39,20,53,15,19,29,30,48,28,55,31,151,180,117,132,161,146,161,52,123,25,222,173,,99,110,376,47,48,51,48,36,34,131,129,102,68,39,38,29,99,441,430,202,,25,31,29,12,
20161120,7,PM10_24h,,112,374,130,53,348,262,107,65,93,109,237,282,142,114,28,40,52,71,146,95,138,159,138,116,101,124,124,104,118,119,99,102,176,164,127,136,132,140,93,87,134,155,84,70,109,119,100,156,115,238,78,59,97,44,40,87,50,72,70,75,128,57,32,119,173,85,93,153,259,294,316,123,58,68,78,209,92,36,75,30,47,148,122,160,272,96,106,117,48,129,106,113,139,40,88,105,88,53,63,100,62,70,63,88,111,139,123,46,231,98,150,259,151,68,48,31,38,48,100,59,62,49,123,66,104,282,429,215,327,219,171,86,92,62,76,70,76,46,51,28,131,122,96,170,182,189,94,124,72,269,163,143,193,241,118,74,133,35,60,106,160,86,106,88,55,77,36,51,,33,40,38,155,136,136,161,151,72,178,94,121,89,120,172,158,106,,53,120,178,,165,106,134,186,124,217,86,42,38,61,61,34,32,63,41,36,36,63,61,36,66,86,47,56,63,42,58,42,31,35,62,39,56,26,93,83,108,82,77,59,74,109,92,53,126,85,92,86,65,62,52,62,108,117,140,94,78,100,126,83,116,421,319,258,192,212,162,184,196,126,91,102,98,87,83,57,94,94,70,87,81,58,54,93,72,51,95,105,39,60,64,71,105,87,70,39,56,166,80,117,103,122,117,106,106,62,105,55,52,53,101,32,71,105,70,61,60,34,96,23,47,32,38,48,46,46,27,52,34,55,95,44,84,65,56,33,169,218,92,234,212,192,171,91,130,86,136,182,,118,148,420,80,143,75,105,50,65,133,90,93,116,60,95,24,265,254,298,188,53,37,22,36,32,
20161120,7,SO2,4,14,24,47,19,79,42,13,16,4,15,24,29,133,60,76,58,53,55,12,10,14,15,10,11,11,20,14,12,10,11,12,11,15,12,15,15,10,11,13,9,18,14,10,14,4,27,13,20,20,26,9,11,26,7,20,22,25,29,21,12,22,10,4,18,26,11,23,7,27,38,21,106,22,18,10,29,37,20,24,37,99,13,11,19,15,23,42,18,10,18,28,32,15,7,21,8,20,7,10,17,16,11,15,10,19,35,13,26,38,93,110,199,69,48,80,19,24,137,17,21,24,15,12,12,14,39,44,43,28,29,22,16,24,10,13,12,9,10,8,1,13,30,19,16,34,14,13,10,13,23,17,37,26,26,21,13,70,7,4,14,30,9,9,14,25,7,8,15,,4,5,5,7,11,23,26,14,14,14,12,10,22,9,8,20,25,,122,9,26,,100,132,123,96,67,96,60,19,3,42,31,16,15,13,92,57,13,148,40,15,19,17,33,12,7,29,25,23,9,13,5,29,39,3,13,18,12,33,15,8,7,20,6,15,17,26,23,7,6,9,6,4,4,21,26,14,13,27,25,8,36,25,31,34,48,10,20,15,18,19,19,13,14,16,5,6,7,8,25,9,22,22,40,17,7,8,4,4,10,11,20,18,16,9,11,5,24,23,13,20,74,16,31,13,19,5,12,17,31,28,19,28,13,8,36,3,18,6,36,9,4,2,19,20,20,10,8,1,7,6,5,4,10,19,39,4,17,34,32,8,36,75,68,8,22,9,141,138,,49,12,20,17,10,19,15,33,21,37,35,11,11,12,17,12,25,2,10,46,8,2,17,8,11,
20161120,7,SO2_24h,7,16,49,35,15,73,45,13,11,8,21,36,40,91,34,38,24,37,48,21,13,19,28,23,15,15,20,21,17,16,11,14,14,15,17,26,24,17,16,17,11,17,39,13,12,9,25,17,23,24,30,9,14,19,8,12,16,17,17,14,9,21,12,4,18,19,14,24,9,26,26,28,100,20,19,19,34,10,10,33,21,80,22,16,26,24,20,34,22,20,33,25,35,28,7,31,18,18,8,9,14,11,14,11,16,24,29,16,28,28,61,79,227,62,39,32,12,23,52,25,37,20,20,19,13,25,38,60,33,33,35,23,12,19,12,8,13,11,10,8,2,14,21,48,23,20,21,11,15,16,24,25,49,17,29,65,13,122,8,7,22,19,13,20,24,20,12,8,21,,5,7,7,14,18,28,35,24,15,23,18,19,26,24,7,11,28,,31,14,23,,68,71,134,75,72,90,37,10,5,36,26,8,22,18,45,28,8,57,16,25,20,25,16,13,18,13,13,20,7,14,5,35,16,13,11,16,18,20,18,9,14,23,13,14,16,18,27,13,14,20,13,7,11,45,63,37,21,28,32,9,37,54,26,22,39,14,19,12,21,18,15,11,13,14,7,8,5,10,25,13,31,18,29,27,20,11,10,11,11,13,27,22,27,15,9,11,20,19,12,20,27,14,20,12,18,5,11,14,36,35,21,23,17,12,18,9,8,11,38,11,4,4,25,22,10,12,8,3,9,14,7,6,13,32,46,4,21,37,19,9,118,61,37,13,19,13,62,43,,42,14,28,18,26,21,29,33,19,82,45,13,16,12,16,7,25,3,21,79,15,4,16,10,20,
20161120,7,NO2,45,51,47,56,20,78,40,13,47,26,39,29,61,62,57,50,43,29,56,33,33,47,14,17,34,6,41,28,13,18,17,21,20,61,60,62,42,24,37,18,18,29,52,27,35,17,55,37,51,47,78,36,28,63,42,64,59,68,65,43,28,67,35,11,42,53,47,41,31,53,59,49,60,43,20,28,52,46,38,25,28,49,49,37,20,28,38,48,26,22,35,61,45,30,9,18,18,30,5,11,29,16,29,18,45,30,51,45,26,69,40,63,39,74,21,42,33,27,37,17,23,33,29,40,34,20,86,60,70,70,51,55,31,48,19,22,13,29,10,31,17,44,40,43,24,49,32,31,40,36,56,40,46,43,44,13,19,29,10,12,30,40,24,41,40,30,25,17,24,,8,14,17,30,28,35,31,23,33,28,50,18,28,9,39,42,29,,43,66,63,,60,55,42,63,37,22,48,22,12,19,29,12,10,7,33,38,39,32,24,9,25,17,16,13,7,40,38,19,35,28,54,33,36,13,36,31,44,47,38,35,22,41,35,42,34,42,39,16,17,13,19,39,7,24,38,20,22,15,20,31,42,50,110,83,75,48,35,52,64,38,35,37,33,34,2,13,19,23,15,20,14,24,32,15,9,13,7,11,17,15,19,37,19,12,23,16,23,39,28,30,49,50,28,25,26,25,30,13,62,31,38,8,3,17,38,14,20,7,40,10,18,14,34,13,25,9,17,20,12,11,24,12,24,26,58,9,27,82,44,35,59,49,60,26,75,11,53,51,,63,26,54,14,2,28,14,34,10,46,35,29,44,33,44,23,25,45,23,21,15,9,42,8,6,
20161120,7,NO2_24h,53,49,98,50,32,99,88,20,37,41,48,70,85,58,45,29,32,37,55,84,45,79,52,41,44,15,54,51,46,54,33,36,40,81,78,84,60,64,70,29,25,55,65,42,46,52,59,47,66,41,77,41,36,80,35,51,60,54,50,42,32,75,35,12,57,71,42,42,46,63,68,65,62,50,38,43,50,29,20,32,20,31,56,46,55,51,46,49,34,26,39,70,46,43,12,28,29,30,7,14,44,14,28,16,62,32,44,52,28,64,33,62,56,55,21,27,18,24,24,25,29,24,27,56,46,44,64,95,66,78,49,49,39,47,25,24,15,33,11,33,12,57,40,55,35,60,43,36,42,34,62,47,55,45,56,26,35,41,17,25,36,42,33,45,41,24,26,17,23,,15,19,17,59,59,60,51,41,48,54,64,26,41,34,37,62,49,,31,34,44,,64,36,45,56,38,34,34,19,18,34,23,17,14,15,22,22,20,26,22,18,21,20,20,24,17,24,18,21,24,30,35,34,22,17,42,29,47,59,36,33,46,35,44,39,38,52,56,33,31,24,31,36,23,36,56,30,29,27,38,24,48,84,100,79,64,42,40,44,57,47,38,42,41,35,7,32,38,25,25,38,27,26,45,27,16,22,20,25,19,24,27,34,26,23,29,13,20,41,33,35,39,50,27,45,35,37,33,19,63,35,39,13,19,31,36,37,20,14,35,14,17,17,30,12,21,18,16,24,17,20,45,30,28,29,35,14,39,49,33,32,49,53,54,25,69,27,37,44,,54,26,59,14,15,24,19,29,21,43,29,31,45,44,41,17,47,32,55,38,30,15,32,13,15,
20161120,7,O3,5,14,4,10,45,3,21,64,7,15,20,25,8,3,8,10,21,35,23,32,28,20,56,69,5,22,13,30,52,65,43,54,34,10,10,6,14,27,33,34,64,67,11,5,17,45,20,10,5,17,5,22,14,4,32,17,2,6,5,5,26,3,6,25,6,5,6,5,23,5,9,7,9,18,20,10,17,22,21,30,30,19,5,11,36,,25,9,17,47,20,4,25,24,59,48,41,52,84,41,14,46,3,57,4,9,9,8,10,6,15,13,9,8,11,14,21,25,16,61,30,27,37,60,14,24,11,8,2,7,14,8,10,29,43,50,25,3,81,5,8,5,5,5,6,53,2,21,6,22,5,21,7,6,3,51,90,28,51,62,25,4,24,19,17,16,39,50,35,,61,61,46,15,16,17,34,22,30,43,6,17,25,52,25,45,39,,14,4,4,,7,11,7,6,5,2,12,36,51,54,41,54,51,102,14,13,11,7,36,69,38,43,50,54,53,37,26,31,10,45,45,77,30,26,37,14,65,17,27,30,70,3,17,28,16,31,57,43,36,47,34,8,15,2,6,18,23,23,18,9,12,7,4,5,3,9,35,2,3,12,49,28,27,26,37,51,34,28,7,20,29,23,11,35,27,47,36,27,30,38,20,4,7,12,22,12,6,5,36,5,9,2,5,25,69,6,7,22,40,32,35,57,29,53,6,20,7,49,10,56,5,21,4,38,13,15,40,2,22,32,22,25,,18,31,48,7,2,20,15,29,18,,31,7,77,26,4,,50,79,3,55,30,34,42,25,62,2,5,32,21,45,18,35,62,16,39,31,51,112,,61,42,
20161120,7,O3_24h,67,63,42,43,49,18,32,78,79,64,76,50,22,52,78,50,63,61,57,67,33,51,56,69,28,24,63,45,52,79,44,63,35,57,233,154,144,56,77,137,143,88,83,106,24,80,107,74,14,45,57,61,20,129,93,86,104,77,79,99,102,125,104,51,34,75,109,94,86,39,99,62,63,33,26,44,84,93,63,46,64,71,136,18,38,11,40,22,40,65,44,21,65,39,65,65,94,128,123,56,68,101,80,90,117,145,150,109,96,36,86,66,54,89,63,44,65,44,62,70,53,58,67,91,23,30,87,14,38,49,67,69,20,61,44,50,49,58,106,39,37,57,108,94,101,145,34,81,80,130,57,69,66,83,64,101,109,76,68,68,48,19,42,57,52,64,75,63,63,,70,70,59,77,47,32,34,64,35,43,65,43,39,56,44,70,114,,53,104,75,,48,106,84,60,77,34,87,64,58,77,96,73,58,105,59,48,60,57,69,85,80,66,80,68,58,65,61,44,58,67,81,98,55,30,51,41,85,47,100,86,74,43,52,49,54,57,98,129,57,103,70,47,79,85,38,94,64,105,43,101,81,15,24,15,54,84,71,42,108,19,81,40,49,42,62,63,49,95,39,38,72,30,41,77,58,71,38,103,60,59,61,71,159,82,90,51,86,94,135,106,112,100,51,68,77,39,113,78,63,119,102,99,43,102,81,61,74,113,124,93,77,93,89,101,82,84,83,85,82,75,82,82,83,48,94,81,54,98,28,87,87,93,74,85,82,87,89,83,,112,127,83,112,32,90,111,101,87,60,48,69,77,127,37,67,84,95,143,97,55,130,69,67,45,
20161120,7,O3_8h,7,27,5,21,33,3,15,66,7,13,30,18,10,3,9,23,29,34,25,42,23,28,35,47,7,18,12,24,33,54,40,56,27,12,23,6,26,20,24,49,62,78,11,5,15,44,20,13,5,25,6,45,15,4,45,35,3,11,5,7,20,3,8,31,5,5,5,9,16,5,9,14,12,19,20,8,18,35,38,40,29,20,12,10,22,,26,10,13,58,24,6,27,26,62,53,44,43,104,44,7,59,4,58,6,17,28,18,13,6,18,16,9,9,12,25,44,36,22,63,30,45,39,56,8,16,12,8,3,7,19,8,9,32,23,38,30,4,74,8,15,5,8,5,6,52,4,22,7,26,4,21,7,6,3,52,58,22,41,60,28,4,28,21,23,24,48,49,38,,65,66,51,17,20,19,17,29,24,22,9,24,28,41,26,38,73,,15,26,4,,8,11,7,7,6,2,14,45,56,38,50,57,52,99,15,30,17,6,35,73,68,56,57,54,54,46,38,25,28,48,65,81,36,27,27,12,38,23,35,33,66,8,20,36,15,35,55,29,42,54,7,27,11,2,6,21,32,30,14,17,11,7,4,5,8,14,46,2,5,9,55,29,41,35,45,57,28,41,6,23,38,26,11,22,29,43,27,26,24,17,28,3,10,14,33,16,8,6,37,11,13,3,6,28,67,10,9,24,32,42,34,59,34,49,4,10,6,40,22,71,9,24,5,44,23,12,47,6,23,30,17,33,2,15,37,50,6,2,5,24,22,19,1,30,7,64,49,5,,52,77,4,63,29,40,37,33,64,2,6,30,16,27,24,49,42,40,24,32,52,111,9,62,39,
20161120,7,O3_8h_24h,8,36,7,34,34,4,15,67,8,17,39,18,10,4,11,42,40,35,28,48,23,30,36,47,11,18,13,28,33,54,40,63,27,19,31,9,35,23,33,54,66,81,12,6,15,44,22,18,6,32,6,59,15,4,65,49,7,25,8,13,24,4,12,40,5,5,6,17,16,6,10,28,16,20,20,8,19,39,53,44,30,22,17,10,22,,34,12,14,62,27,7,40,34,63,55,46,47,122,49,7,70,5,64,9,28,49,34,18,6,25,23,10,13,15,35,62,40,33,63,39,56,47,57,8,16,13,11,4,7,27,11,10,32,25,38,33,5,80,10,17,5,13,6,6,53,7,25,11,29,5,21,9,7,4,70,58,22,43,60,36,4,32,23,32,26,55,53,42,,66,67,56,18,23,23,23,36,24,23,9,31,28,46,31,44,95,,18,37,4,,14,13,7,8,9,2,18,52,57,38,54,57,54,99,16,46,33,8,37,74,77,65,64,56,55,50,43,29,40,48,70,83,43,27,28,22,41,31,42,36,66,15,22,45,16,46,58,29,53,62,7,34,11,2,6,27,40,33,14,40,11,9,4,6,11,17,52,2,6,10,57,30,46,40,57,59,28,56,6,23,40,27,12,22,33,57,27,30,24,17,35,3,14,14,39,20,15,8,38,15,26,4,6,32,68,11,19,25,35,60,45,61,35,49,4,10,6,50,42,79,13,27,5,52,37,12,53,6,26,32,17,47,5,17,52,54,6,2,5,26,24,22,2,45,9,64,58,6,,53,77,4,74,29,67,37,34,64,2,10,36,16,27,28,54,42,49,24,35,53,112,17,63,40,
20161120,7,CO,1.03,1.07,2.53,1.93,0.42,3.72,0.90,0.43,0.85,1.07,0.63,1.10,1.97,2.27,1.20,0.66,1.04,0.98,0.96,1.01,1.28,1.24,0.75,0.60,1.58,1.00,1.36,1.07,0.87,1.37,1.52,1.17,1.45,1.46,1.19,0.97,1.70,1.10,1.20,0.63,1.07,0.95,1.43,0.80,1.48,0.52,0.73,1.72,1.89,0.59,3.04,1.26,1.08,1.19,0.89,0.65,1.15,0.73,0.87,1.12,0.90,1.17,0.81,0.57,1.55,2.33,0.88,1.20,0.67,1.97,2.28,2.20,1.85,1.00,1.05,1.02,1.62,1.00,0.65,1.18,0.67,1.25,1.13,1.03,0.63,2.30,0.93,1.52,1.12,0.42,0.90,1.60,1.63,0.63,0.37,0.87,0.76,1.10,0.62,0.70,0.80,0.93,0.90,1.05,1.05,1.20,1.35,0.90,1.83,3.07,1.55,4.00,3.47,2.55,1.90,1.03,0.72,0.82,1.12,0.74,1.18,0.80,0.92,1.57,1.37,1.17,4.38,6.70,3.00,4.83,2.23,1.87,1.54,1.35,1.32,1.60,1.47,1.00,0.57,0.98,0.65,1.13,1.64,1.36,0.83,1.83,1.43,1.18,0.88,0.95,1.30,1.30,1.67,1.44,1.67,1.00,0.70,0.80,1.44,1.10,0.75,1.30,0.40,0.40,0.45,0.50,0.30,0.55,0.55,,0.55,0.35,0.25,1.03,1.00,1.25,1.05,1.25,1.10,0.80,1.70,1.65,1.80,0.90,1.55,1.15,1.25,,1.00,1.65,3.40,,3.40,1.62,1.40,3.20,1.75,1.20,1.80,0.60,,0.25,1.35,0.47,0.60,0.60,0.94,0.82,0.47,1.10,0.57,0.30,1.65,0.65,0.95,0.45,1.13,1.20,0.77,0.40,0.60,0.45,0.40,0.75,0.90,0.60,1.18,1.50,1.60,1.37,0.93,1.20,0.95,1.30,1.40,1.10,1.85,1.20,1.40,0.65,0.83,0.47,0.57,0.60,0.68,1.77,0.73,0.92,0.98,0.57,0.95,1.60,1.15,3.67,5.20,3.30,3.20,1.80,2.06,2.30,1.90,1.60,1.93,2.23,1.60,1.30,1.20,1.20,1.27,1.77,1.55,1.30,1.00,0.90,1.20,0.68,1.28,1.33,0.90,0.70,0.63,0.83,0.67,0.90,0.50,0.70,0.95,0.75,0.75,1.43,0.77,1.18,1.37,0.77,1.57,1.38,0.67,0.95,1.07,0.45,0.85,1.10,0.73,0.57,1.00,0.70,1.45,0.60,0.70,1.00,1.25,0.10,0.25,0.55,0.85,0.40,0.85,0.65,0.40,0.70,0.70,0.50,0.75,0.55,0.75,0.90,1.00,0.20,1.67,2.73,1.65,0.70,1.70,1.20,2.00,1.00,1.50,0.30,1.45,1.20,,2.10,0.80,4.40,0.70,,0.50,0.90,0.70,0.30,1.53,2.40,0.60,1.35,1.60,1.05,2.80,0.65,1.00,1.17,1.50,1.00,0.60,2.00,1.60,0.10,
20161120,7,CO_24h,1.30,1.71,3.37,2.00,0.62,3.40,2.62,0.50,0.70,1.80,1.80,2.60,2.85,1.71,1.20,0.49,0.92,1.10,0.99,1.56,1.72,1.59,1.53,1.50,1.44,1.40,1.53,1.63,1.67,1.60,1.32,1.17,1.50,1.46,1.10,1.02,1.70,1.40,1.55,0.67,1.03,0.95,1.73,0.85,1.58,0.90,0.77,1.93,2.01,0.92,2.66,1.41,1.22,1.17,0.79,0.68,1.00,0.77,0.97,1.10,0.96,1.23,0.83,0.50,1.45,1.85,0.88,1.08,1.00,2.04,1.60,2.05,1.15,1.38,1.07,1.15,1.84,0.66,0.42,1.50,0.70,1.02,1.13,1.50,2.03,2.80,1.60,1.82,1.08,0.62,1.33,1.90,1.43,1.23,0.57,1.37,1.14,1.10,0.65,0.80,1.30,0.93,0.90,1.25,1.30,1.40,1.45,1.15,1.70,2.87,1.35,2.68,3.95,1.52,1.15,0.80,0.58,0.63,0.92,0.90,1.10,0.54,0.90,2.03,1.63,1.50,2.93,5.80,2.80,3.77,1.90,1.27,1.46,1.35,1.32,1.50,1.63,1.03,0.57,1.02,0.60,1.20,1.40,1.74,0.70,1.73,1.33,1.08,0.97,0.90,1.40,1.47,1.87,1.20,1.53,1.00,0.80,1.00,1.44,1.27,1.25,1.65,0.75,1.00,0.90,0.60,0.70,0.70,0.75,,0.65,0.55,0.45,1.40,1.35,1.60,1.80,1.50,1.50,1.67,1.55,1.90,1.85,1.40,1.30,1.20,1.35,,1.10,1.05,2.57,,2.52,0.90,1.70,2.00,1.60,0.95,1.13,0.63,0.20,0.40,0.65,0.63,0.30,0.65,0.66,0.55,0.30,0.82,0.67,0.30,1.60,1.00,0.80,0.65,1.57,0.97,0.63,0.63,0.45,0.50,0.50,0.75,0.75,0.70,1.23,1.32,1.57,1.42,1.13,1.17,1.25,1.15,1.40,1.02,1.90,1.40,1.57,1.03,1.53,0.93,0.80,1.00,1.00,2.35,1.47,0.90,1.18,0.77,1.38,1.23,1.10,5.20,3.73,3.03,2.57,1.45,1.76,1.70,1.60,1.80,1.67,1.83,1.67,1.10,1.45,1.40,1.47,1.80,1.55,1.72,1.33,1.03,1.23,0.72,1.30,1.77,1.40,0.85,0.80,1.00,0.93,1.05,0.65,0.85,0.90,0.85,0.65,1.30,0.77,1.03,1.20,0.77,1.63,1.70,0.93,1.20,1.05,0.50,0.70,0.97,0.70,0.55,1.10,0.80,1.25,0.80,0.50,1.00,1.05,0.45,0.35,0.70,0.95,0.27,0.55,0.75,0.40,0.80,0.75,0.95,1.50,0.60,0.80,1.30,1.00,0.30,1.80,2.27,1.45,0.75,1.10,1.30,1.20,0.50,1.40,0.60,0.90,1.05,,1.70,1.00,1.80,0.80,0.40,0.50,1.00,0.50,0.70,1.47,1.10,0.60,1.65,1.40,1.30,1.60,1.10,1.10,2.00,2.20,1.45,0.70,1.10,1.60,0.30,
20161120,8,AQI,65,54,199,69,33,199,81,46,65,52,55,68,128,114,57,61,55,43,68,93,85,56,20,33,110,90,109,70,55,54,66,57,47,65,63,95,66,51,65,60,50,104,153,58,56,19,90,59,111,59,233,108,51,70,52,44,76,51,60,64,56,94,54,27,109,166,76,89,76,169,149,112,87,41,51,50,62,55,71,59,37,60,110,64,42,163,53,96,94,49,65,73,93,49,39,51,27,83,39,50,51,58,64,53,55,99,103,64,36,226,74,159,157,146,94,79,58,63,64,55,91,65,71,124,83,40,265,258,224,235,200,213,78,120,86,90,65,74,46,46,31,124,135,72,145,241,163,98,75,61,146,89,78,112,186,69,31,69,26,39,51,123,52,45,48,51,49,52,50,,32,38,35,77,83,86,72,80,78,89,83,76,105,40,82,96,83,,74,150,232,,157,101,65,153,86,142,86,46,27,41,37,20,22,69,86,83,76,96,56,27,33,50,40,27,25,78,75,46,60,36,56,50,70,15,154,124,125,40,33,41,115,129,189,59,129,46,88,14,19,13,17,23,60,58,55,47,36,42,63,53,95,190,271,218,170,154,146,143,190,93,166,223,98,205,86,66,113,90,75,17,43,68,37,39,53,36,59,27,46,66,35,32,89,33,64,16,70,94,89,139,114,111,81,76,66,51,76,26,41,54,81,41,34,104,61,56,86,20,99,19,50,19,49,51,69,36,28,52,56,19,45,29,64,46,54,24,108,115,121,95,129,92,101,63,97,31,131,124,,79,90,229,51,51,49,55,41,34,87,111,81,78,42,45,24,81,339,383,121,40,35,38,34,16,
20161120,8,PM2.5,47,38,149,46,18,149,60,16,30,34,37,49,97,86,22,44,39,30,49,69,63,40,14,15,83,67,82,46,31,38,45,30,31,47,45,71,48,36,47,43,35,78,117,41,40,12,67,32,84,28,183,81,36,49,31,31,56,36,43,46,40,70,29,9,82,126,50,44,44,128,76,58,58,29,35,30,33,24,52,41,26,43,83,46,23,124,28,72,70,17,34,53,69,27,11,21,19,61,27,33,30,41,46,37,39,74,77,41,20,176,41,121,120,112,70,58,41,45,46,31,68,47,52,94,61,28,215,208,174,185,150,163,57,91,64,67,47,54,28,32,11,94,103,51,111,191,124,73,52,11,112,57,39,75,140,39,13,42,18,16,29,93,22,26,21,22,20,17,22,,13,13,16,50,61,64,24,59,57,66,61,56,79,28,15,72,61,,49,115,182,,120,63,45,117,30,79,41,30,19,18,21,14,9,16,64,61,56,72,23,19,23,35,23,19,16,57,55,23,31,25,32,35,51,,118,94,95,28,23,28,87,98,142,42,98,32,65,10,13,9,12,13,43,35,37,33,25,26,45,37,71,143,221,168,129,118,112,109,143,69,126,173,73,155,64,48,85,67,55,11,30,49,23,27,32,22,42,19,19,48,19,20,66,22,46,9,51,34,66,106,86,84,40,56,48,33,53,18,26,35,60,29,13,78,20,40,64,12,74,12,26,11,34,36,43,18,6,36,40,11,15,9,46,32,22,10,73,71,92,53,88,49,69,42,35,17,58,79,,30,44,83,11,19,22,29,15,17,64,84,35,57,29,21,17,41,97,131,64,28,16,24,17,11,
20161120,8,PM2.5_24h,86,83,250,84,34,183,178,21,26,59,79,136,180,74,39,23,30,40,57,106,52,65,83,80,77,76,75,75,62,82,69,61,86,108,103,76,92,84,85,51,55,82,126,59,46,41,67,53,112,65,204,61,42,57,28,25,55,31,43,44,38,71,35,14,80,103,42,33,51,117,79,76,51,49,41,45,70,22,30,42,20,35,78,85,107,169,66,79,71,28,79,77,95,101,22,57,50,54,35,39,56,39,41,42,60,80,90,67,20,185,35,102,165,68,43,35,24,31,38,38,50,37,33,78,45,66,173,268,185,222,162,69,61,59,44,40,46,57,27,38,10,79,85,44,106,144,121,68,73,24,123,63,44,66,122,40,27,41,23,26,70,112,54,84,66,35,45,20,32,,24,22,15,75,85,86,78,89,43,125,66,69,61,77,94,110,78,,32,90,115,,122,55,60,85,52,89,36,29,26,24,18,27,14,20,29,29,30,41,32,28,44,60,29,40,55,30,35,26,19,25,28,34,40,13,68,56,99,51,50,30,54,84,109,35,108,62,71,51,28,30,26,30,59,67,83,60,45,63,79,59,67,248,218,198,146,152,106,110,140,66,66,111,65,66,55,40,61,67,48,64,61,32,32,61,40,31,50,66,25,39,44,41,66,53,44,29,35,39,59,85,76,87,38,61,61,39,49,22,30,33,56,22,25,83,22,38,36,16,60,11,27,13,22,27,27,26,12,26,16,22,45,18,61,60,24,13,85,72,62,59,69,59,74,39,37,28,48,64,,43,56,95,23,49,27,38,20,23,64,44,34,42,32,32,16,80,60,128,64,42,21,24,15,24,
20161120,8,PM10,54,58,227,88,33,289,83,46,80,54,60,76,161,175,63,54,56,30,72,,94,60,15,33,107,,132,90,60,49,82,63,47,69,74,100,70,,65,65,49,117,150,57,46,19,107,67,137,68,234,92,46,90,53,44,88,52,66,69,56,87,58,27,118,215,101,128,102,237,247,174,123,28,52,50,73,60,65,67,36,58,41,60,42,243,55,102,104,49,80,63,102,49,39,51,,94,36,50,51,58,65,50,51,89,103,77,36,216,97,207,195,238,107,68,63,67,64,60,92,76,78,139,59,28,355,347,216,332,218,225,88,143,80,96,69,62,46,39,31,151,143,94,192,249,212,92,100,72,208,128,105,173,230,88,31,88,23,39,51,157,54,45,48,52,49,53,50,,32,38,35,103,81,108,94,108,,99,90,99,118,39,113,108,79,,97,216,307,,179,152,79,202,122,233,121,46,22,41,37,17,22,87,67,81,62,125,62,25,33,48,40,25,25,74,81,46,69,31,61,46,72,15,150,129,115,34,25,41,118,165,143,55,128,,92,11,,,16,,54,66,59,,35,42,74,46,111,205,391,225,186,206,176,209,224,98,163,214,104,193,105,67,102,97,74,17,39,69,37,39,56,36,67,21,46,67,35,32,74,33,56,16,49,138,88,136,144,115,111,75,76,51,101,21,41,57,100,40,34,88,72,57,90,20,135,19,50,19,45,51,87,36,28,54,20,19,45,29,66,33,57,24,165,180,115,140,207,133,152,76,143,31,212,197,,108,129,370,51,51,49,59,41,34,123,144,111,90,42,45,,111,451,486,192,28,,38,34,16,
20161120,8,PM10_24h,123,103,364,122,50,345,252,105,66,87,105,224,275,146,113,30,40,52,71,150,95,135,158,130,115,101,125,124,102,116,119,99,100,176,160,128,131,135,140,92,88,136,159,82,66,109,117,100,158,112,242,78,59,95,44,39,86,50,72,68,73,122,57,32,120,176,86,93,155,258,291,308,124,58,68,77,202,76,38,72,30,47,147,115,151,273,93,107,113,48,122,104,113,133,40,83,105,88,53,62,98,61,68,59,86,111,137,116,45,234,100,154,253,154,71,49,32,39,49,98,60,62,50,126,68,104,286,423,221,329,223,172,87,94,63,78,71,74,46,48,28,133,124,96,173,189,194,95,125,71,262,160,141,191,239,119,74,132,35,60,97,159,84,105,86,55,75,37,51,,33,40,38,155,136,135,160,152,72,177,94,120,91,117,175,158,106,,56,127,186,,167,110,129,186,120,222,85,41,35,57,61,34,32,64,42,39,37,67,60,35,64,80,45,54,60,44,60,42,32,35,60,39,56,26,96,86,109,80,75,60,75,113,95,53,126,87,94,84,65,63,50,63,109,118,139,97,76,98,126,82,117,398,328,258,195,215,165,187,201,123,95,105,98,92,84,58,96,95,71,84,80,59,52,92,72,49,95,103,39,59,61,67,105,84,69,36,56,168,80,118,106,122,119,107,101,62,105,55,52,54,102,32,70,105,71,61,62,34,97,23,47,32,38,48,48,46,27,54,34,54,96,44,85,63,56,34,170,213,95,231,209,186,175,97,131,86,139,174,,119,147,414,80,138,75,104,50,64,135,92,94,116,60,89,25,259,264,308,193,52,38,24,37,31,
20161120,8,SO2,5,13,27,58,15,53,29,13,17,5,13,24,18,137,71,110,61,51,54,14,11,13,15,9,13,10,18,12,11,10,12,12,11,12,11,13,13,10,10,13,8,18,14,10,12,4,22,12,19,20,25,9,11,32,8,25,21,27,27,23,10,25,10,4,16,30,12,30,10,29,35,22,126,21,18,17,46,35,21,40,38,122,12,12,22,14,21,41,19,9,20,26,37,16,6,22,8,16,8,13,13,16,9,19,9,22,34,18,24,45,69,99,243,72,114,86,22,27,147,18,49,28,14,12,12,14,44,53,43,30,28,25,23,28,11,14,11,9,10,7,2,15,33,20,28,26,13,17,10,16,24,19,49,33,29,23,12,91,6,4,18,24,12,9,17,22,7,10,12,,4,6,6,7,11,22,21,14,14,14,15,11,23,9,8,14,25,,112,8,28,,131,134,158,97,78,117,70,25,2,64,36,9,15,15,106,78,18,362,30,16,59,26,26,7,7,34,17,33,10,13,3,31,27,3,13,16,9,36,14,9,6,20,22,12,17,20,21,5,6,11,5,5,4,30,25,12,20,24,25,7,38,28,29,41,52,12,22,15,17,25,20,13,13,14,6,7,7,8,38,7,22,22,27,14,8,8,4,5,12,12,18,18,18,10,11,4,34,21,11,25,63,21,38,10,17,5,15,12,39,35,22,22,13,10,49,3,23,7,31,10,4,3,23,19,18,9,8,1,7,8,5,5,11,28,32,4,22,35,36,10,33,82,79,11,31,12,189,137,,46,23,31,18,11,19,17,52,25,45,29,18,13,12,23,11,31,2,11,59,8,2,16,9,13,
20161120,8,SO2_24h,7,16,48,36,15,72,45,12,11,8,21,36,39,95,36,41,26,38,48,21,13,19,27,23,15,14,20,20,17,16,11,14,14,15,17,25,23,17,16,17,11,17,39,13,12,9,24,18,23,24,30,9,14,19,8,13,16,17,18,14,9,21,12,4,18,20,14,24,9,26,27,28,96,21,19,19,35,11,11,30,22,84,21,15,26,24,21,33,21,18,31,26,35,28,7,30,17,17,8,9,14,11,14,11,15,24,29,15,28,29,61,81,226,61,43,35,12,22,56,24,37,20,20,18,13,24,39,60,34,33,34,23,13,19,12,9,13,10,10,8,2,14,22,48,24,20,21,11,15,15,25,25,49,17,29,64,13,121,8,7,20,19,13,20,23,21,12,8,22,,5,7,7,13,18,28,34,23,15,23,18,18,26,23,7,11,28,,35,14,23,,70,74,132,77,72,91,40,11,5,38,26,8,22,18,47,31,8,70,17,24,20,23,16,13,17,14,13,21,8,13,5,35,17,13,11,16,17,20,18,9,14,23,13,14,16,18,27,12,14,19,12,7,11,44,62,35,20,28,32,9,36,54,27,23,39,14,19,12,21,18,16,10,13,14,7,8,5,10,26,12,30,18,27,27,20,11,9,11,11,12,26,21,24,15,9,9,21,19,12,20,29,14,21,12,18,5,11,14,36,35,21,24,17,12,20,9,9,11,36,11,4,4,25,22,10,12,8,3,9,14,7,6,13,32,45,5,22,38,19,9,121,61,39,18,20,13,66,45,,41,15,28,18,25,22,28,32,19,78,45,12,16,12,16,7,26,3,20,79,15,4,17,10,20,
20161120,8,NO2,47,51,42,58,24,66,41,19,42,27,40,37,50,62,57,48,43,28,44,41,33,52,18,19,35,9,43,33,16,23,21,24,24,48,49,58,37,26,40,24,20,32,52,27,40,29,51,33,50,45,73,39,28,63,45,68,59,68,59,42,32,63,36,15,41,53,45,42,37,53,62,52,62,41,25,27,58,56,38,34,32,55,39,36,25,28,44,46,25,22,42,59,40,33,10,31,25,33,8,13,26,19,26,23,43,33,46,48,26,67,42,61,42,77,26,42,35,30,40,19,38,38,38,44,35,25,84,66,69,69,56,54,34,53,20,21,22,31,15,26,22,44,44,44,26,48,34,32,40,40,54,43,48,44,44,21,26,37,9,12,37,40,33,38,39,34,29,21,32,,8,19,21,35,32,39,29,24,28,29,49,19,32,8,37,44,35,,57,66,63,,63,54,43,61,33,22,51,32,15,28,31,12,12,11,35,39,40,33,27,13,34,20,20,13,8,36,29,22,40,22,53,51,35,14,37,35,44,43,38,44,25,41,23,42,36,41,37,15,31,20,21,46,12,23,45,22,26,24,31,34,46,46,103,81,68,52,40,50,61,37,44,46,37,39,2,25,21,32,13,21,19,27,33,17,12,16,9,13,14,22,20,30,20,17,31,13,24,40,27,31,51,48,30,27,28,27,31,22,77,41,42,15,11,20,40,14,18,8,39,25,18,15,32,22,26,11,25,20,15,17,25,12,25,36,53,12,30,61,52,38,63,51,58,33,79,13,52,53,,69,31,59,20,2,35,26,36,11,51,33,42,51,32,45,18,40,30,23,38,12,8,46,7,10,
20161120,8,NO2_24h,53,48,95,49,31,98,86,20,37,39,46,69,84,59,45,30,32,37,54,82,45,78,50,40,44,15,54,50,45,52,33,35,40,80,78,84,59,63,69,28,24,55,66,41,45,51,58,47,66,41,78,41,36,80,35,51,60,55,51,42,32,74,34,12,57,71,43,42,46,63,68,66,61,49,37,42,50,30,21,31,21,32,55,45,54,51,46,46,34,26,38,69,46,42,12,27,28,30,7,14,44,13,27,15,61,32,44,50,28,65,33,63,56,56,22,28,19,23,25,24,30,25,28,57,46,44,66,94,67,79,50,49,38,48,25,24,16,33,11,32,12,57,41,55,35,61,44,37,43,34,62,47,55,45,55,27,35,41,17,25,34,42,32,45,40,24,25,17,23,,15,18,17,59,58,60,50,41,47,53,64,25,41,33,37,62,48,,31,35,45,,64,37,44,57,38,33,35,19,16,34,22,16,14,15,23,23,22,26,23,17,20,19,20,24,17,25,19,21,25,30,36,35,22,17,42,29,46,58,37,34,45,35,43,39,37,53,56,32,32,24,30,37,23,36,56,31,29,26,38,24,48,83,102,80,64,42,40,45,57,47,39,42,41,35,7,31,37,25,25,37,26,26,44,26,15,21,20,24,19,24,26,33,26,23,29,13,21,41,33,36,41,49,28,45,34,37,33,19,62,34,39,13,19,31,37,35,21,13,35,14,17,17,30,12,21,18,16,24,17,20,45,29,28,29,35,14,39,48,34,32,49,53,54,25,69,27,37,44,,55,26,59,13,15,23,19,28,20,44,29,30,46,44,40,17,47,32,55,37,29,15,32,12,15,
20161120,8,O3,3,13,5,10,42,3,20,61,21,12,21,21,8,3,9,13,21,36,31,29,32,18,49,69,7,18,15,28,44,60,41,54,37,13,15,7,18,24,23,38,57,55,12,5,17,32,22,13,6,25,6,16,10,5,33,24,4,8,9,8,6,4,6,22,6,5,6,6,20,5,9,6,9,20,16,9,11,12,24,24,31,16,11,13,27,,21,10,22,48,16,4,37,21,57,35,32,51,78,37,20,49,6,51,8,8,15,7,8,7,13,13,10,9,13,17,24,22,18,55,19,27,29,58,11,19,12,8,3,7,13,13,10,22,44,59,19,4,73,9,3,6,4,5,9,52,3,23,5,18,5,17,8,6,4,47,87,21,52,62,18,6,20,38,17,16,36,50,24,,62,56,48,11,16,16,41,26,51,42,5,26,23,56,23,38,27,,7,6,4,,8,12,8,8,5,2,12,28,49,44,41,55,48,94,15,15,14,7,37,68,24,44,47,55,53,44,35,28,10,51,51,66,33,27,33,11,98,21,25,30,70,3,16,25,15,27,60,37,22,35,46,8,11,2,4,15,18,18,14,7,12,7,4,6,3,8,29,2,5,11,40,18,21,18,34,33,27,18,7,19,18,21,11,31,28,46,36,22,27,32,19,7,6,16,18,15,6,6,37,4,5,2,6,24,66,4,6,16,41,21,29,50,23,48,5,22,7,47,15,44,4,20,4,25,11,14,32,2,20,28,22,24,3,12,33,43,4,4,13,13,22,18,1,22,8,73,35,5,,45,79,3,46,28,29,36,26,64,2,5,23,14,48,15,43,48,37,39,21,57,111,1,61,39,
20161120,8,O3_24h,67,63,42,43,49,18,32,78,79,64,76,50,22,52,78,50,63,61,57,67,35,51,57,69,28,24,63,45,52,79,44,63,37,57,233,154,144,56,77,137,143,88,83,106,25,80,107,74,14,46,57,61,20,129,93,86,104,77,79,99,102,125,104,51,34,75,109,94,86,39,99,62,63,33,26,44,84,93,63,46,64,71,136,18,38,11,40,21,40,65,44,21,65,39,65,65,94,128,123,56,68,101,80,90,117,145,150,109,96,36,86,66,54,89,63,44,65,44,62,70,53,58,67,91,23,30,87,14,38,49,67,69,20,61,48,59,49,58,106,39,37,57,108,94,101,145,34,81,80,130,57,69,66,83,64,101,109,76,68,68,48,19,42,57,52,64,75,63,63,,70,70,59,77,47,32,41,64,51,43,65,43,39,59,44,70,114,,53,104,75,,48,106,84,60,77,34,87,64,58,77,96,73,58,105,59,48,60,57,69,85,80,66,80,68,58,65,61,44,58,67,81,98,55,30,51,41,121,43,100,86,74,43,52,49,54,57,99,129,57,103,70,47,79,85,38,94,64,105,43,101,81,15,24,15,54,84,71,42,108,20,81,40,49,42,62,63,49,95,39,38,72,30,41,77,58,71,40,103,60,59,61,71,159,82,90,51,86,94,135,106,112,100,51,68,77,39,113,78,63,119,102,99,43,102,81,61,74,113,124,93,77,93,89,101,82,84,83,85,82,75,82,82,83,48,94,81,54,98,28,87,87,93,74,89,82,87,89,83,,112,127,83,112,32,90,111,101,87,60,48,69,77,127,37,67,84,95,143,97,57,130,69,67,45,
20161120,8,O3_8h,6,25,5,20,34,3,15,65,9,13,29,18,9,3,9,22,28,35,25,40,24,27,37,50,7,18,12,24,35,55,40,56,28,12,22,6,25,21,24,48,61,75,11,5,15,42,20,13,5,25,6,42,14,4,44,33,3,11,5,7,20,3,8,30,5,5,5,9,17,5,9,13,12,19,19,9,18,32,37,37,30,20,12,10,23,,25,10,15,57,23,6,28,26,62,51,43,45,101,43,9,58,5,57,6,15,26,16,12,6,17,16,9,9,12,24,41,34,22,62,28,43,38,56,8,17,12,8,3,7,18,9,9,31,25,40,29,4,74,8,13,5,7,5,6,52,3,22,7,25,4,20,7,6,3,51,61,22,43,60,27,4,27,23,22,23,46,49,36,,65,64,51,17,20,19,20,28,27,24,9,24,27,42,25,38,67,,14,23,4,,8,11,7,7,6,2,14,43,55,38,49,56,52,98,15,29,17,6,36,72,63,54,56,53,53,46,37,25,25,48,64,79,36,27,28,12,46,23,34,33,67,8,19,35,15,34,55,30,39,52,12,24,10,2,6,20,30,28,14,16,11,7,4,5,7,13,44,2,5,10,53,28,39,32,44,54,28,38,6,23,36,25,11,24,29,43,29,26,24,19,27,3,9,14,32,16,8,6,37,10,12,3,6,27,67,9,9,23,33,39,34,58,32,49,4,12,6,40,21,68,9,24,4,42,21,12,45,5,22,29,17,32,2,15,36,49,6,2,7,22,22,18,1,22,7,65,47,5,,52,78,4,61,29,38,37,32,64,2,6,29,16,29,23,48,42,39,26,30,53,111,8,62,39,
20161120,8,O3_8h_24h,8,36,7,34,35,4,15,67,9,17,39,18,10,4,11,42,40,35,29,48,24,30,38,50,11,18,13,28,35,55,40,63,28,19,31,9,35,23,33,54,66,81,12,6,15,44,22,18,6,32,6,59,15,4,65,49,7,25,9,14,24,4,12,40,5,5,6,17,17,6,10,28,16,20,20,9,19,39,53,44,31,22,17,10,23,,34,11,15,62,27,7,40,34,63,55,46,47,122,49,9,70,5,64,9,28,49,34,18,6,25,23,10,13,15,35,62,40,33,63,39,56,47,58,8,17,13,11,4,7,27,12,10,32,27,40,33,5,81,10,17,5,13,6,6,53,7,25,11,29,5,21,9,7,4,70,61,22,45,60,36,4,32,23,32,26,55,53,42,,66,67,56,18,23,23,23,36,27,24,9,31,28,46,31,44,95,,18,37,4,,14,13,7,8,9,2,18,52,57,38,54,57,54,99,16,46,33,8,37,74,77,65,64,56,55,50,43,30,40,48,70,83,43,27,29,22,49,31,42,36,67,15,22,45,16,46,59,30,53,62,12,34,11,2,6,27,40,33,14,40,11,9,4,6,11,17,52,2,6,10,57,30,46,40,57,59,28,56,6,23,40,27,12,24,33,57,29,30,25,19,35,3,14,15,39,20,15,8,38,15,26,4,6,32,68,11,19,25,36,60,45,61,35,49,4,12,6,50,42,79,13,27,5,52,37,12,53,6,26,32,17,47,5,17,52,54,6,2,7,26,25,22,2,29,9,65,58,6,,53,78,4,74,29,67,37,34,64,2,10,36,16,29,28,54,42,49,26,35,53,112,17,63,40,
20161120,8,CO,1.06,1.13,2.10,2.20,0.44,3.15,0.83,0.50,0.70,1.17,0.73,1.10,1.55,2.07,1.23,0.76,1.15,1.07,0.89,1.04,1.20,1.33,0.70,0.70,1.62,1.00,1.34,1.03,0.97,1.53,1.40,0.90,1.05,1.41,1.21,0.97,1.65,1.00,1.15,0.67,1.17,0.90,1.50,0.80,1.53,0.56,0.80,1.75,1.70,0.63,2.76,1.32,1.16,1.20,0.93,0.73,1.13,0.90,0.93,1.18,0.98,1.23,0.87,0.57,1.61,2.30,1.02,1.40,0.83,1.92,2.53,2.50,1.95,0.93,1.07,1.00,1.94,1.02,0.78,1.38,0.67,1.48,1.10,0.93,0.63,2.50,1.00,1.40,1.12,0.46,1.23,1.30,1.50,0.63,0.40,0.90,0.72,1.17,0.62,0.80,0.90,0.97,0.95,1.20,1.15,1.30,1.38,1.00,2.03,3.10,1.63,4.26,3.40,2.88,2.23,0.93,0.73,0.95,1.06,0.80,1.23,0.94,1.04,1.67,1.43,1.20,4.62,5.95,3.15,5.03,2.30,2.10,1.66,1.50,1.32,1.60,1.53,1.07,0.63,0.93,0.75,1.30,1.80,1.54,1.00,1.87,1.40,1.24,0.85,1.25,1.40,1.40,2.07,1.71,1.70,1.05,0.70,0.97,1.42,1.13,0.85,1.70,0.60,0.30,0.60,0.60,0.35,0.60,0.80,,0.55,0.40,0.30,1.07,1.05,1.25,0.75,1.15,0.95,1.03,1.85,1.40,1.90,0.80,1.60,1.20,1.35,,1.30,1.72,3.52,,3.94,1.74,1.80,3.72,1.85,1.35,1.97,0.67,,0.35,1.20,0.47,0.75,0.75,1.22,0.93,0.55,1.27,0.73,0.40,1.75,0.70,1.10,0.45,1.13,1.23,0.70,0.57,0.85,0.45,0.50,1.15,0.95,0.60,1.08,1.50,1.70,1.57,0.97,1.43,0.90,1.25,1.30,1.13,1.85,1.30,1.50,0.67,1.47,0.53,0.57,0.70,0.77,2.02,0.97,0.80,1.00,0.63,1.05,1.60,1.25,3.57,5.45,3.50,3.10,1.97,2.14,2.30,1.90,1.58,2.00,2.30,1.57,1.37,1.20,1.20,1.30,2.10,1.55,1.30,1.15,1.00,1.55,0.68,1.25,1.38,1.05,0.88,0.63,0.90,0.67,0.90,0.60,0.90,1.05,0.75,0.80,1.67,0.93,1.40,1.53,0.80,1.63,1.57,0.70,1.00,1.18,0.35,1.25,1.02,1.05,0.65,1.05,0.80,1.75,0.60,0.70,1.00,1.20,0.10,0.30,0.60,1.00,0.43,0.95,0.65,0.50,0.70,0.70,0.75,0.75,0.45,0.95,1.00,1.00,0.25,2.03,3.03,1.85,0.75,1.80,1.55,2.20,0.70,1.70,0.30,0.95,1.35,,2.25,0.60,3.00,0.80,,0.60,1.00,0.60,0.30,1.60,2.90,0.70,1.55,1.55,1.15,2.20,0.90,1.30,1.13,2.30,0.95,0.50,1.90,1.60,0.10,
20161120,8,CO_24h,1.25,1.60,3.25,1.90,0.58,3.38,2.50,0.50,0.70,1.60,1.63,2.50,2.80,1.77,1.20,0.50,0.91,1.09,1.01,1.54,1.66,1.56,1.45,1.50,1.46,1.40,1.53,1.60,1.67,1.60,1.32,1.17,1.45,1.46,1.10,1.02,1.65,1.40,1.55,0.67,1.03,1.00,1.73,0.85,1.57,0.90,0.77,1.88,2.00,0.88,2.73,1.39,1.22,1.17,0.79,0.68,1.00,0.77,0.93,1.10,0.96,1.23,0.81,0.50,1.48,1.90,0.89,1.08,1.02,2.03,1.63,2.05,1.15,1.35,1.07,1.15,1.84,0.68,0.45,1.48,0.70,1.08,1.10,1.43,1.90,2.80,1.60,1.70,1.08,0.60,1.23,1.90,1.43,1.23,0.57,1.37,1.14,1.07,0.65,0.80,1.30,0.93,0.90,1.25,1.30,1.40,1.45,1.10,1.70,2.90,1.32,2.74,3.83,1.55,1.20,0.83,0.58,0.62,0.92,0.88,1.13,0.56,0.90,2.03,1.63,1.50,3.05,5.95,2.80,3.87,1.93,1.30,1.48,1.35,1.32,1.50,1.63,1.07,0.57,1.02,0.60,1.23,1.42,1.74,0.77,1.73,1.33,1.10,0.97,0.90,1.40,1.47,1.90,1.21,1.53,1.00,0.80,1.03,1.44,1.27,1.25,1.65,0.75,0.90,0.90,0.60,0.65,0.65,0.75,,0.65,0.55,0.45,1.37,1.30,1.55,1.80,1.50,1.50,1.60,1.55,1.85,1.85,1.35,1.35,1.20,1.35,,1.00,1.08,2.63,,2.54,0.94,1.67,2.10,1.65,0.95,1.23,0.63,0.10,0.40,0.75,0.63,0.30,0.70,0.70,0.57,0.30,0.82,0.70,0.30,1.50,0.95,0.80,0.65,1.53,1.00,0.63,0.63,0.45,0.50,0.50,0.85,0.75,0.70,1.22,1.32,1.57,1.38,1.10,1.17,1.25,1.10,1.40,1.02,1.90,1.40,1.57,1.00,1.53,0.90,0.80,0.90,1.00,2.38,1.47,0.90,1.15,0.77,1.38,1.23,1.10,5.10,3.90,3.07,2.60,1.47,1.76,1.75,1.60,1.78,1.67,1.85,1.63,1.10,1.45,1.40,1.47,1.80,1.55,1.68,1.30,1.00,1.23,0.68,1.30,1.75,1.40,0.82,0.77,0.97,0.93,1.05,0.65,0.85,0.90,0.85,0.65,1.33,0.77,1.03,1.20,0.73,1.63,1.70,0.90,1.20,1.05,0.55,0.70,0.97,0.70,0.57,1.10,0.80,1.25,0.70,0.50,1.00,1.05,0.40,0.35,0.70,0.95,0.27,0.60,0.75,0.40,0.80,0.75,0.95,1.50,0.60,0.80,1.30,1.00,0.30,1.80,2.30,1.50,0.70,1.15,1.30,1.20,0.50,1.40,0.65,0.90,1.05,,1.70,1.00,1.90,0.80,0.40,0.60,1.00,0.50,0.70,1.47,1.20,0.60,1.65,1.40,1.20,1.70,1.05,1.20,2.00,2.20,1.40,0.70,1.20,1.60,0.30,
20161120,9,AQI,71,59,130,68,30,168,74,61,58,53,54,66,105,124,67,60,58,44,55,81,85,60,17,39,99,71,103,64,48,58,66,60,38,60,58,83,58,50,65,63,34,96,148,70,61,21,96,51,123,65,226,108,59,73,49,45,78,54,63,76,55,89,48,27,108,153,76,85,93,184,154,123,103,41,56,45,64,72,68,57,30,60,21,58,48,170,55,103,78,47,74,71,104,52,42,55,27,76,40,53,39,60,76,58,63,89,108,66,41,218,75,173,159,170,128,71,51,68,61,52,89,71,84,148,81,37,274,263,232,233,226,233,83,138,96,100,65,75,50,37,40,119,143,75,149,247,129,90,71,60,150,95,88,118,190,74,35,73,29,40,59,161,63,51,53,58,54,52,61,,41,40,38,77,80,67,54,74,58,79,81,71,105,27,53,73,64,,78,154,237,,171,108,83,174,84,138,93,54,27,46,37,24,25,95,96,95,68,104,58,33,42,56,43,31,20,85,60,51,80,40,56,86,103,12,120,139,93,47,33,50,105,133,119,56,138,47,114,19,23,17,16,22,61,50,52,41,38,43,63,41,98,170,303,232,159,191,150,146,180,90,173,222,100,210,83,66,110,91,79,17,47,65,40,37,53,36,60,23,17,55,28,33,93,34,66,10,74,100,90,130,116,108,84,78,65,52,82,33,56,65,89,41,18,100,68,55,80,20,93,18,72,21,52,55,74,41,44,41,40,108,50,36,85,89,53,53,116,125,133,107,119,95,107,50,128,33,128,151,,79,94,167,45,52,66,58,43,42,101,166,93,83,42,49,33,85,330,373,144,31,33,40,31,15,
20161120,9,PM2.5,52,42,99,49,15,124,54,16,28,35,36,46,63,94,29,43,41,31,39,60,63,41,12,16,74,52,77,40,25,41,36,29,20,43,39,61,41,35,47,45,24,72,113,51,44,13,72,28,93,28,176,81,42,53,29,25,57,34,45,56,39,66,27,11,81,117,49,51,60,139,75,62,61,29,40,24,34,31,49,34,21,43,15,41,30,129,34,77,57,17,43,52,78,30,12,19,19,56,28,35,27,40,56,38,45,66,81,46,22,168,43,131,121,129,97,52,33,49,44,24,66,52,62,113,60,26,224,213,182,183,176,183,61,105,72,75,41,55,28,22,12,90,109,53,114,197,98,67,52,11,115,58,57,82,143,32,14,51,20,21,37,123,33,25,24,27,15,10,31,,13,14,11,44,59,32,13,51,41,58,60,52,79,19,14,53,46,,55,118,187,,130,81,59,132,37,78,44,38,14,17,19,17,8,21,72,71,39,78,26,23,29,40,30,22,14,63,43,32,34,28,32,64,77,,91,106,69,33,14,25,79,101,90,40,105,33,86,13,15,9,11,12,44,35,36,29,26,26,45,29,73,129,246,182,121,144,115,112,136,67,131,172,75,160,61,48,83,68,58,12,30,47,21,24,25,24,43,16,10,39,19,21,69,15,48,7,54,39,67,99,88,81,42,57,47,35,52,23,40,47,66,29,11,75,37,39,59,14,69,11,30,15,36,39,46,26,18,21,28,81,20,16,63,66,23,17,78,89,101,55,87,55,60,35,41,21,72,116,,39,50,76,14,21,27,34,20,19,76,126,55,61,25,26,19,44,99,134,80,22,14,28,15,10,
20161120,9,PM2.5_24h,86,77,242,77,32,180,172,21,25,55,75,129,174,75,39,24,29,39,57,104,52,63,80,75,77,74,75,73,60,80,69,60,83,106,99,76,89,83,84,50,54,82,128,58,45,40,65,53,113,63,206,62,43,55,28,25,55,30,43,43,37,68,34,14,81,105,42,33,52,117,79,76,52,48,42,45,67,19,31,38,20,35,75,81,100,168,63,78,69,27,73,76,94,97,21,53,48,54,35,37,54,38,40,38,58,80,88,61,20,187,36,104,161,68,46,36,24,32,38,36,51,36,35,81,46,64,176,264,187,222,166,71,61,62,46,43,46,56,26,35,10,79,86,44,107,148,121,68,73,23,122,62,45,65,121,41,27,41,23,26,65,114,51,82,63,34,44,19,32,,24,21,15,74,84,84,75,88,43,122,66,69,62,74,93,110,76,,32,93,118,,123,56,57,86,50,90,36,29,24,23,18,27,14,20,31,31,30,43,31,27,41,56,30,39,50,32,37,26,18,25,29,36,41,13,70,60,97,49,50,31,55,86,110,35,107,62,74,49,27,27,25,30,60,66,83,59,43,62,79,59,68,241,223,195,147,154,108,106,142,66,70,116,65,71,56,41,63,68,50,62,61,34,30,60,40,31,50,62,24,38,41,38,67,50,44,26,35,40,60,86,77,87,39,62,60,39,48,23,31,33,56,22,24,84,23,37,37,16,60,11,28,13,22,27,28,26,12,25,17,24,46,18,62,59,24,13,85,73,64,59,68,59,73,49,37,28,49,64,,43,55,94,23,48,27,37,20,23,64,47,34,43,33,31,16,78,63,129,65,41,21,24,15,23,
20161120,9,PM10,60,61,203,84,30,285,84,72,66,55,57,81,159,191,84,57,60,33,52,,99,69,,39,128,61,126,77,48,57,82,69,38,60,65,89,60,,68,72,31,115,137,77,59,21,109,52,153,80,205,95,63,81,49,45,91,58,68,76,53,85,48,27,120,198,101,119,135,250,257,195,155,31,53,45,78,93,59,63,30,63,13,58,48,263,59,144,104,47,97,60,103,53,42,60,13,84,39,55,35,69,73,66,47,88,100,81,41,215,100,205,205,279,149,69,52,66,62,54,76,83,94,170,70,25,359,323,225,307,236,243,102,150,83,107,79,65,50,37,40,151,149,99,187,261,193,95,84,69,243,140,126,185,238,97,35,95,28,40,68,205,76,51,56,66,57,54,71,,41,40,38,103,79,84,58,98,50,85,87,73,121,26,55,81,59,,106,246,296,,219,156,116,210,117,226,136,56,27,46,37,14,25,140,94,103,85,148,66,26,42,53,39,28,20,90,59,52,110,24,62,86,91,12,128,137,68,47,33,50,117,153,,51,116,34,101,14,23,17,,14,54,43,54,,38,43,53,35,113,208,422,238,206,230,191,181,224,100,169,194,113,205,99,69,99,99,76,15,47,71,40,37,55,36,68,19,17,57,28,33,93,34,72,10,80,149,96,155,149,117,117,89,80,54,114,33,53,78,109,41,18,86,85,54,83,18,123,18,94,21,54,58,98,41,44,41,17,16,50,36,100,,55,56,182,199,125,163,187,140,164,46,206,33,206,231,,107,138,283,45,54,82,66,43,42,140,223,136,105,42,49,,120,444,478,237,26,,40,31,15,
20161120,9,PM10_24h,119,95,353,114,48,344,242,106,66,81,100,211,269,150,111,31,40,51,70,153,94,132,160,121,115,97,126,122,100,114,118,98,96,177,155,127,125,138,138,92,87,137,160,82,61,105,114,99,159,110,244,79,60,93,43,39,85,50,71,68,71,115,55,32,122,178,88,92,158,256,287,302,126,57,69,77,191,65,39,67,30,48,142,107,142,270,90,107,110,47,114,102,112,128,40,78,103,88,52,60,96,60,67,55,84,110,135,106,45,238,102,158,248,158,75,51,34,41,50,95,61,61,53,130,69,102,292,418,223,332,228,174,88,97,65,80,71,73,45,46,28,135,126,96,176,195,196,96,124,69,256,157,138,188,236,121,75,129,35,60,90,162,81,103,83,55,73,38,52,,34,39,38,154,134,133,157,151,71,174,95,119,92,113,175,158,103,,59,135,194,,170,113,125,188,116,225,86,41,32,54,60,34,32,68,44,43,40,71,60,34,60,75,44,54,55,46,62,43,35,35,58,40,56,26,98,91,108,76,73,61,76,117,96,54,126,87,97,82,63,60,49,62,108,116,138,98,73,96,124,81,117,382,338,251,199,218,169,181,206,121,99,117,99,99,86,58,97,96,72,82,79,60,50,90,71,48,95,99,38,58,58,62,105,82,68,33,57,172,82,120,109,121,121,108,98,62,105,55,52,54,102,33,69,106,72,60,64,35,97,23,48,32,37,48,50,47,27,54,34,54,96,44,86,62,55,34,173,209,96,228,203,182,177,88,133,87,142,169,,119,145,404,79,134,76,103,49,62,135,97,94,117,61,84,25,255,274,318,195,51,38,26,36,30,
20161120,9,SO2,6,14,29,83,15,36,29,17,12,5,18,26,13,149,78,84,52,39,45,14,10,13,15,10,16,10,19,11,12,11,10,13,12,12,11,13,13,10,9,15,8,20,15,11,10,4,21,15,20,22,25,9,11,35,9,17,26,26,32,28,9,23,10,4,17,29,16,32,13,32,35,26,129,20,19,11,51,39,27,18,42,96,10,11,25,19,22,47,19,9,22,23,42,16,6,25,7,18,9,10,11,15,11,20,9,19,41,18,27,56,71,120,241,85,161,93,30,37,86,19,114,34,14,11,10,15,53,57,43,28,29,29,24,24,10,16,12,13,11,8,2,15,30,24,40,28,14,15,10,20,32,27,58,38,37,22,11,81,6,5,35,27,11,4,20,38,8,9,15,,4,5,6,7,11,21,21,14,14,13,15,11,23,9,9,10,23,,131,9,27,,179,171,222,113,95,165,109,22,3,72,31,7,20,16,154,91,23,404,31,12,38,23,20,8,6,25,20,65,11,14,7,35,21,3,13,16,9,28,12,8,12,21,30,16,19,28,23,7,7,10,6,6,4,31,26,13,15,16,21,7,31,35,29,36,49,12,22,13,17,22,20,12,12,15,6,6,9,8,40,9,28,22,20,12,17,10,5,6,8,12,17,16,46,10,10,5,50,23,12,30,56,24,28,9,17,4,16,15,38,38,35,23,13,13,43,5,83,13,84,11,5,5,34,22,19,11,11,1,7,9,7,5,16,33,56,4,22,45,39,12,54,87,50,10,29,14,187,158,,43,20,35,19,50,19,26,66,20,56,38,35,13,17,34,11,40,1,12,57,14,2,20,10,10,
20161120,9,SO2_24h,7,15,48,38,15,71,45,12,12,7,21,35,39,99,38,43,27,39,47,20,12,19,26,22,14,14,20,19,17,16,11,14,14,15,16,25,23,16,15,16,11,17,39,13,12,9,23,17,23,24,30,9,14,20,8,13,17,18,18,15,9,20,12,4,18,20,14,21,9,27,27,29,93,21,19,19,35,13,12,26,23,86,20,15,27,24,20,33,21,18,29,26,36,27,7,29,16,18,8,9,13,11,14,11,14,22,28,14,28,30,60,84,225,61,49,38,13,22,58,22,39,21,20,18,13,24,40,60,35,33,34,24,14,19,12,9,12,10,10,8,2,14,22,47,25,20,22,11,15,15,26,25,50,18,29,64,13,119,8,7,20,20,13,19,23,21,11,9,22,,4,7,7,13,17,28,33,22,15,22,18,18,26,23,8,11,28,,40,14,24,,75,78,134,79,72,94,44,11,4,41,27,8,21,18,52,34,9,85,18,22,18,21,17,13,15,15,14,22,8,14,5,35,17,13,11,16,17,20,17,9,14,23,14,14,16,18,26,12,13,18,11,7,11,44,61,33,19,27,32,8,34,54,28,24,40,14,19,11,21,19,16,10,12,14,7,7,6,10,26,11,29,18,25,26,18,11,9,10,11,12,25,20,25,14,9,8,22,19,12,20,31,14,21,11,18,5,11,14,36,34,21,24,17,12,21,8,12,11,34,11,4,4,25,22,11,12,8,3,9,15,7,6,13,32,46,5,22,39,21,9,121,61,40,14,19,13,68,47,,41,15,29,18,25,22,28,31,19,74,46,13,16,13,17,7,27,3,20,75,15,4,17,10,20,
20161120,9,NO2,50,41,38,59,21,59,43,29,36,23,30,33,42,65,56,38,42,22,33,44,30,53,20,20,35,10,45,39,21,27,25,29,25,47,48,51,33,29,44,32,18,43,48,30,44,42,51,30,52,45,70,39,33,68,43,50,61,61,57,46,35,64,34,13,43,53,45,43,46,52,65,52,56,44,30,29,59,53,35,26,25,44,24,35,24,29,42,45,25,19,46,56,45,33,9,24,28,28,9,15,29,22,30,26,52,30,49,55,23,65,36,65,40,77,37,42,26,32,31,15,38,35,33,41,33,28,86,77,68,74,51,49,44,49,21,22,21,32,17,23,20,46,48,43,30,55,34,33,38,38,57,46,50,43,47,26,23,37,11,16,39,38,29,16,35,34,20,17,33,,8,15,11,38,36,42,29,25,29,38,48,21,32,13,35,41,36,,58,62,62,,68,55,49,65,33,23,52,30,13,37,20,13,13,24,37,38,31,37,22,8,24,19,15,12,8,29,25,25,43,19,56,45,38,16,44,35,39,36,33,49,36,37,19,42,37,40,38,23,42,29,21,44,16,24,43,26,31,22,29,33,48,52,84,81,63,52,39,50,56,40,45,44,28,35,3,21,27,39,16,26,23,29,32,20,17,20,18,18,13,20,22,28,20,16,33,12,25,46,28,34,50,49,27,31,31,27,31,23,100,43,48,19,10,28,33,19,21,19,40,24,21,19,34,25,28,15,31,21,18,21,30,13,27,40,45,22,31,106,61,42,59,52,62,24,79,19,48,53,,71,34,64,22,31,36,31,45,10,54,39,58,49,50,55,39,66,25,19,24,13,12,48,13,6,
20161120,9,NO2_24h,53,46,92,48,31,97,84,20,38,37,45,68,83,60,46,30,32,36,54,81,44,77,48,39,44,15,54,49,43,51,33,35,39,79,77,84,57,62,68,28,24,55,67,42,45,51,57,47,65,40,78,41,36,79,36,51,60,55,51,42,32,73,34,12,57,71,43,43,46,63,68,65,61,48,36,42,50,31,22,29,21,33,53,45,52,50,45,45,33,24,36,69,45,42,12,26,28,30,7,13,44,13,27,15,60,32,43,48,28,66,32,63,55,57,22,29,19,23,26,23,30,25,28,58,46,44,68,94,68,80,51,48,39,48,25,24,16,33,11,32,12,56,41,55,35,60,44,37,43,34,62,47,54,45,55,27,35,41,17,24,33,41,31,43,39,23,25,16,23,,14,18,17,59,57,59,49,40,46,52,63,25,40,31,39,62,47,,32,36,46,,65,38,44,58,38,32,37,20,15,34,21,16,14,15,24,24,22,27,23,16,19,18,20,23,16,25,19,21,25,30,37,36,23,17,42,29,46,57,38,34,44,35,42,39,37,53,57,32,32,24,30,38,23,36,56,31,28,26,38,24,49,82,103,82,65,42,40,47,56,47,40,43,39,35,7,30,36,25,25,37,26,26,43,26,15,21,20,24,18,24,26,32,26,22,29,13,21,42,33,36,41,49,28,45,33,37,33,19,62,34,39,13,19,31,36,33,21,13,35,13,18,17,30,12,22,18,16,24,17,20,45,28,28,28,35,14,40,52,36,32,49,53,54,26,69,26,37,44,,56,26,59,13,15,23,19,28,19,44,30,30,46,44,39,19,48,32,53,36,28,15,32,12,14,
20161120,9,O3,2,23,6,9,42,2,21,50,34,17,36,28,7,4,10,25,25,44,39,32,41,21,43,64,12,18,17,23,36,57,39,48,43,15,20,11,23,17,14,33,52,35,15,7,15,18,25,16,8,28,8,14,11,6,40,33,8,12,20,17,12,5,8,23,6,5,9,7,20,6,9,7,11,17,13,8,12,15,30,32,43,28,21,16,28,,26,16,26,54,23,5,28,26,59,44,27,57,73,38,25,53,7,51,6,18,19,7,13,7,15,10,10,11,14,21,40,25,29,58,22,35,33,58,14,20,14,8,4,8,14,22,11,28,39,61,29,6,74,12,8,5,5,6,6,54,4,22,6,23,5,17,9,7,5,49,90,26,49,62,27,9,28,74,25,20,49,53,23,,62,61,60,9,19,19,38,31,49,29,8,27,22,50,37,35,29,,7,8,6,,9,17,9,9,6,4,14,31,51,35,53,53,48,84,22,20,34,10,47,77,43,48,54,55,54,53,41,27,12,54,50,60,33,28,27,11,138,29,25,36,66,5,19,25,18,27,55,29,12,24,50,12,5,2,7,12,16,26,22,9,15,9,5,7,5,9,37,3,7,10,40,19,25,20,33,39,29,15,7,14,12,23,11,28,30,43,28,22,22,33,20,11,11,15,24,17,9,7,38,8,6,2,5,24,64,5,7,15,34,19,34,48,33,41,15,19,8,34,18,52,8,21,8,22,13,12,27,7,21,29,21,22,2,12,39,34,6,5,15,13,14,19,2,35,10,70,41,6,,43,75,5,42,16,26,19,17,63,5,6,14,19,22,11,18,19,43,43,34,59,106,,51,44,
20161120,9,O3_24h,67,63,42,43,49,14,32,78,79,64,76,50,22,52,78,50,63,61,57,67,43,51,57,69,28,24,63,45,52,79,44,63,43,57,233,154,144,56,77,137,143,88,83,106,25,80,107,74,13,47,57,61,20,129,93,86,104,77,79,99,102,125,104,51,34,75,109,94,86,39,99,62,63,33,26,44,84,93,63,46,64,71,136,18,38,11,40,21,40,65,44,21,65,39,65,65,94,128,123,56,68,101,80,90,117,145,150,109,96,36,86,66,54,89,63,44,65,44,62,70,53,58,67,77,23,30,87,14,38,49,67,69,20,61,48,61,49,58,106,39,37,57,108,94,101,145,34,81,80,130,57,69,66,83,64,101,109,76,68,68,48,19,42,74,52,64,75,63,63,,70,70,60,77,47,32,41,64,51,43,65,43,39,59,44,70,114,,53,104,75,,48,106,84,60,77,34,87,64,58,77,96,73,58,105,59,48,60,57,69,85,80,66,80,68,57,66,61,44,58,67,81,98,55,30,51,41,159,42,100,86,74,43,52,49,54,57,99,129,57,103,70,47,79,85,38,94,64,105,43,101,81,15,24,15,54,84,71,41,108,20,81,40,49,42,62,63,49,95,39,38,72,30,41,77,58,71,40,103,60,59,61,71,159,82,90,51,86,94,135,106,112,100,51,68,73,39,113,78,63,119,102,99,43,102,81,61,74,113,124,93,77,93,89,101,82,84,83,85,82,75,82,82,83,48,94,81,54,98,28,87,87,93,74,85,82,87,89,83,,112,127,83,112,32,90,111,101,87,60,48,69,77,127,37,67,84,95,143,97,59,130,69,67,45,
20161120,9,O3_8h,6,24,5,17,37,3,17,63,12,13,29,21,9,3,9,20,26,38,27,41,28,28,38,56,7,18,13,24,36,57,40,54,31,12,22,6,24,20,22,45,60,70,12,6,15,44,21,12,6,24,6,36,15,4,41,32,3,9,7,7,20,4,7,28,5,5,6,8,18,5,9,11,11,19,20,9,18,30,34,36,31,21,13,11,25,,24,11,16,57,22,4,26,24,61,50,41,47,95,41,13,55,5,55,6,14,23,13,12,6,16,14,9,9,12,22,38,33,22,62,26,40,37,58,10,18,12,8,3,7,17,10,9,31,28,45,30,5,73,8,13,5,6,6,6,53,3,22,6,24,4,20,8,6,3,48,70,23,44,61,26,5,27,29,21,22,46,49,34,,64,64,52,17,20,19,22,29,32,26,10,26,27,42,24,37,59,,12,20,4,,8,11,7,7,5,2,13,41,54,39,49,56,51,96,16,25,17,7,38,74,59,52,55,54,53,47,38,25,22,50,62,78,35,27,29,10,60,23,32,34,69,6,19,32,15,32,56,32,35,47,18,22,11,2,6,18,27,28,16,12,12,7,4,5,7,12,43,3,6,10,54,28,36,30,41,52,31,33,6,22,34,24,11,25,29,42,31,25,26,22,25,4,9,14,30,16,7,5,37,10,10,3,6,27,66,9,7,23,34,34,33,56,35,50,5,14,7,38,19,65,8,23,5,38,18,12,42,6,22,29,19,29,1,14,36,47,6,2,8,21,21,18,1,28,8,68,46,5,,50,78,4,57,28,33,35,32,64,2,5,26,17,30,22,44,43,40,30,30,54,110,6,60,39,
20161120,9,O3_8h_24h,8,36,7,34,37,4,17,67,12,17,39,21,10,4,11,42,40,38,30,48,28,30,39,56,11,18,14,28,36,57,41,63,31,19,31,10,35,23,33,54,66,81,12,6,16,45,22,18,6,33,7,59,15,4,65,49,6,25,10,14,25,4,12,40,5,5,6,17,18,6,10,28,16,21,20,9,20,39,53,44,32,22,18,11,25,,34,12,16,62,27,4,40,34,63,55,46,49,122,49,13,70,5,64,9,28,49,34,18,6,25,23,10,13,15,36,62,40,33,63,39,56,47,58,10,18,13,11,4,7,27,12,10,32,28,45,33,5,81,10,17,5,13,6,6,54,7,25,11,29,5,21,9,7,4,70,70,23,47,61,36,5,32,29,32,26,55,53,42,,66,67,56,18,23,23,24,36,32,26,10,31,28,46,31,44,95,,18,37,4,,14,13,7,8,9,2,18,52,57,39,54,57,54,99,17,46,33,8,40,74,77,65,64,57,55,50,43,30,40,50,70,83,43,27,29,22,64,31,42,36,69,15,22,45,16,46,59,32,53,62,18,34,11,2,6,27,40,33,16,40,12,9,4,6,11,17,52,3,6,11,57,30,46,40,57,59,31,56,6,24,40,27,12,25,33,57,31,30,26,22,35,4,14,15,39,20,15,8,38,15,26,4,6,32,68,11,19,25,37,60,45,61,36,50,5,14,7,50,42,79,13,27,5,52,37,12,53,6,26,32,19,47,5,17,52,54,6,2,8,26,25,22,2,45,9,68,58,6,,53,78,4,74,29,67,37,34,64,2,10,36,17,30,28,54,43,49,30,35,54,112,17,63,40,
20161120,9,CO,1.20,1.24,1.35,2.78,0.46,2.42,0.77,0.67,0.57,1.07,0.63,1.05,1.47,2.17,1.42,0.69,1.16,1.06,0.86,1.04,1.09,1.33,0.78,0.80,1.60,1.10,1.32,0.97,1.10,1.47,1.22,0.90,0.80,1.37,1.24,0.95,1.65,1.10,1.15,0.73,1.17,1.00,1.57,0.90,1.64,0.60,0.87,1.70,1.76,0.64,2.71,1.37,1.20,1.18,0.86,0.68,1.09,0.83,0.93,1.28,1.02,1.37,0.90,0.55,1.73,2.40,1.08,1.62,1.13,2.13,2.38,3.30,2.20,0.95,1.15,1.12,2.08,1.22,0.80,1.27,0.67,1.40,0.77,0.80,0.67,2.60,1.03,1.50,0.92,0.42,1.27,1.50,1.70,0.63,0.40,0.90,0.82,1.07,0.65,0.87,0.90,1.00,1.10,1.35,1.55,1.35,1.48,1.20,3.57,3.07,1.83,4.70,3.30,3.18,2.55,0.95,0.67,0.93,0.92,0.78,1.22,0.90,1.10,1.77,1.35,1.23,4.70,5.10,3.30,5.03,2.30,2.30,1.60,1.55,1.34,1.60,1.53,1.17,0.67,0.88,0.75,1.40,2.00,1.56,1.03,2.13,1.45,1.36,0.90,1.20,1.35,1.50,2.23,1.76,1.70,1.10,0.60,1.23,1.44,1.13,0.95,1.80,0.45,0.20,0.60,0.90,0.35,0.60,1.00,,0.50,0.35,0.20,1.17,1.05,1.15,0.70,1.10,0.90,0.87,1.95,1.40,2.00,0.85,1.50,1.20,1.35,,1.60,1.80,3.65,,5.08,1.92,2.57,4.38,1.90,1.65,2.20,0.80,,0.45,0.45,0.53,0.75,0.75,1.34,0.95,0.38,1.20,0.73,0.30,1.65,0.65,1.00,0.55,1.10,1.07,0.60,0.93,1.00,0.50,0.60,1.20,1.20,0.60,1.07,1.50,1.57,1.32,1.00,1.43,0.85,1.65,1.20,1.20,1.95,1.40,1.53,0.80,1.57,0.67,0.60,0.70,0.97,2.20,0.97,1.03,1.10,0.63,0.97,1.55,1.20,3.37,5.55,3.53,3.13,2.10,2.22,2.30,1.87,1.62,2.00,2.25,1.37,1.40,1.20,1.20,1.37,2.17,1.75,1.36,1.27,1.03,1.83,0.70,1.27,1.45,1.00,1.20,0.67,0.97,0.77,0.90,0.70,0.95,1.15,0.80,0.85,1.90,1.00,1.73,1.80,0.87,1.67,1.75,0.73,1.10,1.42,0.50,1.50,1.20,1.18,0.75,0.95,0.85,1.55,0.60,0.80,1.30,1.45,0.10,0.35,0.75,1.25,0.53,1.15,0.70,0.60,1.00,0.75,1.15,1.00,0.55,0.95,1.30,1.05,0.40,2.03,3.40,2.05,0.80,1.65,1.80,2.00,0.50,1.95,0.35,0.95,1.65,,2.05,0.80,2.90,0.80,0.80,1.20,1.10,0.70,0.40,1.83,2.40,1.25,1.50,1.70,1.20,3.30,1.75,1.00,1.10,1.70,0.90,0.70,2.30,1.60,,
20161120,9,CO_24h,1.26,1.51,3.12,1.90,0.56,3.35,2.40,0.50,0.70,1.50,1.50,2.40,2.75,1.81,1.18,0.50,0.89,1.09,1.01,1.48,1.63,1.54,1.43,1.40,1.48,1.30,1.53,1.53,1.57,1.60,1.32,1.10,1.45,1.44,1.11,1.02,1.65,1.40,1.45,0.67,1.07,1.00,1.73,0.85,1.56,0.88,0.77,1.85,2.01,0.88,2.75,1.39,1.22,1.17,0.79,0.68,0.99,0.77,0.93,1.12,0.94,1.20,0.81,0.53,1.48,1.93,0.89,1.08,1.00,2.00,1.65,2.10,1.25,1.32,1.08,1.15,1.88,0.70,0.45,1.38,0.67,1.10,1.03,1.38,1.80,2.80,1.57,1.66,1.06,0.54,1.23,1.95,1.47,1.20,0.50,1.27,1.08,1.07,0.65,0.77,1.25,0.93,0.90,1.20,1.30,1.40,1.42,1.10,1.73,2.97,1.38,2.82,3.73,1.60,1.27,0.82,0.58,0.63,0.94,0.86,1.13,0.58,0.92,2.03,1.63,1.49,3.15,6.00,2.85,3.97,2.00,1.33,1.48,1.35,1.32,1.50,1.63,1.07,0.53,1.00,0.60,1.18,1.50,1.74,0.77,1.73,1.35,1.10,0.95,0.90,1.35,1.47,1.90,1.20,1.47,1.00,0.80,1.03,1.44,1.27,1.15,1.65,0.65,0.90,0.80,0.60,0.65,0.65,0.75,,0.60,0.55,0.40,1.37,1.25,1.55,1.70,1.45,1.50,1.57,1.60,1.85,1.85,1.30,1.35,1.20,1.35,,1.00,1.10,2.67,,2.62,0.98,1.63,2.23,1.65,1.00,1.27,0.63,0.10,0.40,0.75,0.63,0.30,0.70,0.74,0.60,0.30,0.88,0.70,0.20,1.45,0.85,0.80,0.65,1.43,0.97,0.67,0.67,0.45,0.50,0.50,0.85,0.75,0.70,1.22,1.32,1.57,1.38,1.07,1.20,1.20,1.10,1.40,1.07,1.90,1.40,1.57,1.00,1.50,0.90,0.80,0.90,1.02,2.40,1.47,0.90,1.13,0.75,1.38,1.23,1.15,5.07,4.08,3.10,2.67,1.52,1.80,1.73,1.60,1.76,1.67,1.88,1.60,1.10,1.45,1.40,1.47,1.77,1.55,1.68,1.27,1.00,1.25,0.68,1.30,1.72,1.40,0.85,0.73,0.97,0.90,1.05,0.65,0.85,0.90,0.85,0.65,1.33,0.80,1.10,1.23,0.73,1.63,1.75,0.87,1.20,1.10,0.50,0.70,0.95,0.67,0.57,1.10,0.80,1.30,0.70,0.50,1.00,1.05,0.40,0.30,0.70,0.95,0.27,0.60,0.75,0.40,0.80,0.75,0.95,1.50,0.60,0.85,1.30,0.95,0.30,1.80,2.37,1.55,0.70,1.15,1.25,1.30,0.60,1.40,0.60,0.90,1.10,,1.75,0.90,1.90,0.80,0.40,0.60,1.00,0.50,0.60,1.50,1.30,0.60,1.70,1.45,1.20,1.80,1.10,1.20,1.97,2.10,1.35,0.70,1.20,1.60,0.30,
20161120,10,AQI,78,65,109,76,34,144,70,51,47,53,53,63,81,123,73,54,52,40,55,65,63,62,20,44,95,75,98,59,42,69,65,60,38,59,54,70,47,43,66,63,40,92,134,98,80,23,100,50,125,64,219,108,70,71,42,35,78,56,61,65,54,100,40,33,113,143,78,75,155,189,166,150,117,39,68,51,72,91,74,52,30,61,23,63,53,176,55,115,71,43,75,74,99,56,43,58,26,61,44,59,36,61,79,65,63,93,110,65,53,219,80,196,167,191,153,54,40,66,58,48,84,63,88,159,70,36,292,326,221,257,230,241,116,146,100,89,81,69,50,40,34,114,145,76,169,239,148,99,72,59,156,102,95,125,180,83,29,88,51,43,65,167,62,45,56,70,51,47,67,,41,44,35,72,73,50,45,70,55,76,80,70,101,28,51,58,59,,65,163,241,,196,181,116,194,85,162,113,61,27,53,33,24,25,106,76,65,54,86,53,37,51,54,43,39,23,63,54,54,95,39,89,78,121,13,111,141,95,61,39,54,101,173,71,44,151,70,118,16,21,19,16,26,59,47,54,41,38,43,64,39,105,201,306,229,187,226,171,153,181,88,176,212,100,205,80,66,109,100,84,28,42,74,33,39,66,36,59,27,13,50,29,45,109,39,71,9,64,107,89,134,123,96,72,86,65,64,92,45,73,74,101,34,24,101,66,49,85,52,184,21,66,34,63,63,84,50,45,52,37,109,58,76,101,177,61,55,115,136,138,105,128,114,120,54,110,39,123,164,,82,100,192,44,109,74,76,58,39,120,197,112,88,60,51,31,96,335,356,229,43,34,60,40,17,
20161120,10,PM2.5,57,47,82,53,16,91,51,11,20,34,30,39,60,93,34,38,35,28,39,47,45,41,14,15,71,55,73,34,25,50,30,28,21,41,35,51,32,30,48,45,28,54,102,73,59,13,75,27,95,26,169,81,51,52,25,23,57,33,42,47,36,75,25,12,85,109,53,42,92,142,88,80,67,26,49,36,43,41,54,27,20,44,8,45,30,133,28,87,45,17,46,54,74,32,13,21,18,40,27,39,25,43,58,38,45,69,83,47,22,169,44,147,127,144,117,38,25,48,41,20,62,45,65,121,51,25,242,276,171,207,180,191,88,112,75,66,60,50,28,25,9,86,111,56,128,189,113,74,48,14,119,71,67,86,136,26,11,64,18,15,47,127,22,12,27,37,16,16,35,,11,12,14,44,53,28,14,43,39,56,59,51,76,19,12,41,42,,47,124,191,,147,137,86,146,40,95,68,44,19,29,22,17,12,31,44,47,30,64,28,26,34,38,30,27,15,45,38,34,71,27,34,57,92,,84,108,71,44,27,35,76,131,52,31,116,51,89,10,15,8,11,13,42,32,38,29,25,26,46,27,79,151,256,179,141,176,130,117,137,65,133,162,75,155,59,48,82,75,62,17,29,54,17,27,35,25,41,15,9,29,19,24,82,27,52,6,46,43,66,102,93,72,47,64,47,46,54,29,53,54,76,23,10,76,41,34,63,17,139,11,34,12,45,40,62,28,22,31,26,82,41,52,76,134,38,28,77,59,105,69,96,68,62,29,47,19,80,125,,47,61,76,13,82,39,30,33,12,91,148,48,65,35,29,20,70,102,150,114,19,8,43,15,12,
20161120,10,PM2.5_24h,87,71,233,70,30,174,164,21,25,52,68,121,168,77,38,25,29,39,56,101,52,62,77,71,77,73,75,71,59,79,67,58,81,104,94,76,86,82,82,51,54,82,128,57,44,38,64,52,113,60,207,63,43,54,28,24,55,30,42,42,36,67,32,14,82,106,43,33,54,117,79,76,54,48,42,45,64,17,32,34,20,35,70,78,94,163,60,79,68,26,67,75,93,94,20,50,45,53,34,36,52,38,38,35,56,79,87,55,20,188,36,105,157,68,50,37,25,33,38,35,52,36,37,85,48,63,180,261,188,224,171,75,63,64,48,46,46,55,26,33,10,79,88,44,110,153,123,69,73,23,120,63,46,65,119,41,27,43,23,26,60,116,47,46,60,34,41,19,31,,23,21,15,73,83,81,73,86,44,119,66,69,63,71,91,109,74,,33,97,122,,124,59,56,89,48,91,37,30,23,23,18,27,13,19,32,32,30,44,31,26,38,51,30,39,46,32,37,27,20,26,29,37,44,13,72,63,96,48,52,32,57,89,109,35,107,62,76,47,25,26,23,29,61,65,82,58,41,60,78,58,68,235,228,192,149,156,111,107,145,66,74,120,66,76,56,41,65,69,50,59,60,35,28,59,40,31,50,59,23,36,37,34,66,49,44,24,35,40,61,87,78,86,40,62,59,39,48,22,31,33,57,22,24,85,24,37,39,16,63,11,28,13,23,27,30,27,12,25,18,26,46,20,62,60,24,13,86,73,66,58,68,58,73,40,37,28,50,66,,44,54,92,22,48,27,37,20,22,65,51,33,44,34,31,17,78,65,130,67,40,21,26,15,22,
20161120,10,PM10,70,66,128,101,34,238,82,52,47,56,55,76,107,191,96,54,53,30,48,,66,74,,44,117,58,113,67,42,66,79,70,38,68,57,78,47,,75,73,37,133,133,91,81,23,135,50,151,77,192,95,76,84,42,35,93,61,71,73,57,98,40,33,116,193,106,99,259,256,281,249,183,39,66,44,93,132,68,53,30,54,23,68,55,238,59,136,91,43,100,73,102,61,43,65,,72,44,68,33,72,85,79,52,79,113,74,55,230,109,256,216,303,178,56,40,60,48,48,97,62,81,162,70,25,362,310,211,320,225,257,136,185,90,98,85,65,50,40,34,152,158,102,207,265,199,102,93,67,225,154,139,200,254,116,29,126,51,43,77,205,74,45,62,89,52,47,84,,41,44,35,94,69,50,45,89,51,85,77,73,111,28,52,63,56,,57,232,287,,265,202,182,228,119,274,175,69,24,56,33,22,25,162,101,77,57,116,56,31,52,51,43,32,23,63,55,58,103,33,127,100,101,13,123,133,49,60,28,58,94,171,,40,146,60,105,16,18,19,13,26,63,47,58,,38,43,55,30,117,224,401,241,214,272,202,222,222,102,172,191,117,212,96,68,97,113,79,28,42,81,33,35,82,34,67,27,10,50,29,45,110,33,79,6,71,164,94,137,156,100,93,113,78,75,134,45,84,89,134,34,24,88,82,45,104,53,189,16,81,34,68,76,113,50,45,53,32,30,59,102,120,,71,59,180,222,157,159,205,177,190,57,169,39,195,232,,114,150,333,44,121,98,101,65,39,145,264,174,123,69,52,,141,448,465,370,43,,49,40,,
20161120,10,PM10_24h,161,92,339,105,47,339,231,106,65,76,94,200,261,154,109,33,40,50,69,155,93,130,161,112,115,93,125,119,96,111,116,97,93,168,148,127,119,141,136,92,85,139,161,81,58,99,111,97,160,107,245,80,60,92,43,38,85,49,71,68,70,110,53,32,123,181,90,91,164,254,282,296,128,57,69,78,175,58,41,62,30,49,131,101,134,263,87,109,108,46,106,101,112,123,40,74,102,87,52,59,93,60,65,53,79,108,134,96,45,241,103,163,243,163,80,51,34,43,50,91,62,61,54,134,69,101,298,410,222,336,232,177,91,101,67,82,72,72,44,43,29,137,128,95,180,201,200,98,124,67,250,154,135,187,234,123,75,127,36,60,84,164,77,74,81,56,70,38,53,,33,40,38,151,132,129,152,149,71,170,95,116,94,109,175,157,100,,59,143,202,,174,115,124,191,115,230,88,43,31,52,59,33,31,71,48,45,41,74,59,33,55,68,43,53,49,47,61,44,38,35,58,42,55,26,100,93,106,74,70,62,77,121,98,54,126,86,99,79,60,57,45,60,109,114,136,99,70,93,123,80,118,367,345,245,202,223,172,186,211,116,104,125,98,106,86,59,98,98,73,80,77,61,47,89,71,48,96,94,37,57,53,57,105,79,67,31,57,174,84,122,112,120,124,110,97,63,106,53,53,54,104,33,68,107,72,59,66,36,99,23,48,32,38,49,52,47,28,54,34,54,95,46,87,58,56,34,176,206,100,223,197,176,178,97,134,86,145,167,,119,143,394,78,130,76,102,48,60,135,105,96,118,62,78,25,253,285,326,203,51,40,30,37,30,
20161120,10,SO2,6,14,30,90,16,33,32,10,10,5,22,29,12,161,60,69,36,32,39,12,10,13,14,11,17,9,18,13,12,11,9,13,13,11,12,13,18,9,12,14,8,20,16,13,11,5,26,17,21,26,26,9,13,32,9,13,26,22,23,25,10,30,10,4,18,27,22,26,13,32,43,38,160,23,19,12,61,48,47,15,29,84,9,12,29,27,19,53,19,8,19,22,41,15,6,30,9,12,9,11,13,13,9,17,10,18,38,20,42,67,64,147,237,93,198,77,30,40,61,16,78,25,19,10,8,16,54,57,41,37,28,29,31,24,9,16,12,19,10,7,2,16,41,45,43,31,18,10,15,20,34,35,92,38,41,30,10,141,7,5,38,34,9,9,24,34,8,9,10,,4,5,7,7,11,19,21,13,14,13,11,13,24,10,7,7,22,,61,9,24,,184,103,195,123,175,149,127,16,4,54,29,8,23,26,179,106,28,180,28,9,14,19,19,11,7,18,16,53,12,17,10,34,28,2,10,15,9,31,12,9,66,24,24,16,17,32,21,7,7,9,6,5,8,40,43,19,14,12,19,7,34,54,36,43,49,12,21,12,16,16,19,12,10,15,8,7,10,8,29,9,23,22,13,9,20,13,5,7,7,10,16,14,39,9,10,5,29,27,16,34,62,28,35,10,16,6,16,13,55,38,19,19,13,13,39,5,92,24,48,10,5,7,40,21,17,11,10,1,9,14,8,6,17,48,64,5,20,30,28,12,47,113,64,10,38,19,181,129,,66,46,48,19,76,25,64,88,18,135,67,23,14,20,26,19,59,1,12,114,22,2,22,11,9,
20161120,10,SO2_24h,7,14,47,40,15,70,44,12,12,7,20,35,38,104,39,45,28,39,46,20,12,19,25,22,14,14,20,19,16,16,11,14,14,15,16,25,23,16,14,16,11,17,37,12,11,9,22,18,23,24,30,9,14,19,8,13,17,17,18,15,9,19,12,4,18,21,15,21,9,27,28,29,95,22,19,18,34,14,14,22,23,88,19,14,25,25,20,34,21,17,27,26,36,27,8,29,15,17,8,9,13,11,8,11,13,22,28,13,28,31,60,87,224,61,56,41,14,22,59,21,40,21,20,17,13,24,41,60,36,33,33,24,14,19,12,9,12,9,10,7,2,14,23,47,26,20,22,11,14,15,26,25,52,19,29,64,13,121,8,7,20,21,13,16,23,22,11,8,22,,4,7,7,13,16,27,32,21,15,21,18,17,25,21,8,11,27,,42,13,23,,79,79,138,82,77,97,49,12,4,42,26,8,21,18,58,38,10,92,19,21,15,18,17,12,13,16,14,24,8,14,5,36,17,13,11,16,16,20,13,9,15,23,14,14,15,19,25,12,13,15,10,6,11,44,60,30,17,26,31,8,32,55,28,26,40,14,19,11,21,18,16,11,12,14,7,7,6,10,26,11,29,18,22,25,18,11,9,7,11,12,23,20,24,13,9,8,22,19,12,20,33,15,22,11,18,5,11,14,36,34,21,24,16,12,21,8,16,11,33,11,4,4,24,23,11,12,8,3,9,15,7,6,13,32,47,5,22,39,21,9,121,61,41,17,19,13,74,49,,42,15,30,18,26,22,27,31,19,74,47,12,16,13,17,8,28,3,20,76,15,4,18,10,20,
20161120,10,NO2,50,32,32,56,24,56,41,19,34,21,21,28,34,70,53,35,35,20,30,42,34,58,21,22,38,11,44,44,24,29,25,27,25,50,48,46,35,30,54,32,15,47,51,38,44,45,55,30,55,37,66,39,40,70,30,47,60,54,52,36,29,71,34,10,44,53,53,50,49,55,77,64,56,44,32,29,53,53,43,19,21,35,25,37,23,31,32,44,24,15,35,49,44,33,8,17,27,24,8,14,28,18,26,23,60,31,55,53,28,65,33,78,45,83,46,34,19,33,23,12,33,29,27,43,33,32,85,80,66,75,51,50,51,47,19,20,19,30,12,25,12,48,52,46,35,65,42,33,41,39,57,51,59,46,51,40,26,35,14,20,35,38,19,13,33,24,13,14,16,,7,12,9,41,33,33,32,24,29,35,45,22,34,13,24,42,46,,45,59,57,,76,51,51,71,41,25,55,29,10,32,18,12,12,33,43,33,30,31,16,7,13,13,12,14,8,21,19,23,35,23,51,26,35,16,39,37,37,34,38,48,34,29,17,40,34,43,41,19,38,25,25,39,17,21,43,30,33,27,34,28,48,62,100,83,64,51,36,46,57,36,43,40,33,33,3,16,32,40,18,25,21,29,29,20,18,22,20,18,12,20,23,33,23,15,34,12,24,50,31,38,51,50,31,37,33,32,35,18,119,43,37,11,10,34,39,16,31,41,32,18,28,22,39,20,26,21,14,19,19,30,30,16,31,26,51,26,35,52,59,39,60,55,53,16,82,26,49,59,,90,44,70,15,36,35,32,44,9,61,48,28,56,58,43,42,62,28,23,40,18,13,43,17,8,
20161120,10,NO2_24h,54,43,89,47,30,96,81,20,38,35,43,66,81,61,46,31,33,36,53,79,43,76,46,38,44,14,54,49,41,49,33,34,39,78,76,84,55,60,67,27,23,55,67,42,44,51,56,46,66,40,79,41,36,79,35,51,60,54,51,42,32,72,34,12,57,71,44,42,47,64,69,66,61,48,36,41,49,31,23,26,21,34,50,44,49,49,45,45,32,23,34,69,46,40,11,25,27,29,7,13,43,13,26,15,59,31,44,46,28,67,32,64,54,58,24,29,19,23,26,22,30,25,29,58,45,44,70,93,69,81,51,48,40,48,25,24,16,32,10,31,12,56,42,55,35,60,45,37,43,34,62,48,54,44,54,28,36,41,17,24,32,41,29,25,39,23,24,15,23,,13,18,16,58,55,57,48,39,46,51,63,25,40,30,39,62,47,,33,38,47,,66,38,45,59,39,32,38,21,14,34,21,16,14,16,25,24,23,28,23,15,17,17,19,23,14,25,19,21,25,30,37,35,24,17,42,30,45,55,40,35,43,35,40,40,37,54,58,31,32,23,29,38,23,35,56,30,27,26,38,24,50,81,104,82,66,42,40,47,56,47,40,43,39,35,7,29,36,26,25,37,26,26,42,26,15,21,20,23,18,23,25,31,25,22,29,12,21,42,33,37,42,48,28,45,33,37,34,19,61,34,39,13,18,31,37,32,22,14,34,13,18,17,30,13,22,18,16,24,17,20,44,26,29,28,35,14,40,52,38,32,50,53,54,25,70,27,38,44,,57,26,59,13,15,21,18,27,17,44,31,29,47,44,38,20,48,31,51,35,27,15,33,12,13,
20161120,10,O3,2,33,13,14,38,2,23,64,40,22,52,33,9,5,16,32,36,51,44,40,40,22,44,64,12,17,23,18,31,56,39,44,45,15,23,20,24,16,6,42,62,30,19,9,15,15,31,19,10,43,12,14,11,15,62,40,23,23,38,42,25,10,9,35,5,5,16,19,24,6,12,9,16,17,14,8,20,23,29,41,48,38,26,18,35,,38,24,30,60,40,12,30,29,59,55,28,54,87,41,25,68,15,58,8,22,16,19,20,8,22,16,10,11,19,31,52,29,40,62,28,48,38,56,17,16,16,10,5,9,15,25,18,35,41,69,40,13,83,14,23,6,6,9,7,53,5,23,6,39,6,17,10,7,6,46,92,31,43,58,34,11,44,77,38,43,62,56,52,,65,66,65,10,26,27,31,37,46,29,11,28,23,44,25,30,14,,20,12,9,,10,19,11,10,9,5,18,43,54,41,60,57,50,69,24,31,41,18,55,82,62,57,60,57,55,62,47,31,23,55,56,59,39,36,30,13,147,32,20,30,71,9,22,27,20,31,56,36,16,29,46,16,7,2,8,10,16,27,20,13,19,16,7,9,7,11,40,4,6,14,42,22,22,24,38,41,25,19,7,16,18,31,11,28,32,39,26,22,23,27,23,11,17,26,31,20,15,9,41,15,7,4,6,22,64,7,9,25,44,25,47,65,40,37,14,22,8,23,34,67,16,32,16,41,25,14,44,17,23,40,30,26,7,16,34,36,6,11,26,15,20,20,16,63,12,63,38,10,,43,74,10,62,8,40,33,23,58,13,7,46,15,22,17,13,13,39,38,23,54,108,2,48,42,
20161120,10,O3_24h,67,63,42,43,49,9,32,78,79,64,76,50,22,52,78,50,63,61,57,67,45,51,57,69,28,24,64,41,52,79,44,63,45,57,233,154,144,56,77,137,143,88,83,106,25,80,107,74,15,51,57,61,20,129,93,86,104,77,79,99,102,125,104,51,34,75,109,94,86,39,99,62,63,33,26,44,84,93,63,46,64,71,136,18,38,11,40,25,41,65,44,21,65,39,65,65,94,128,132,56,68,101,80,90,117,145,150,109,96,36,86,66,54,89,63,44,65,44,62,70,53,58,67,75,23,30,87,14,38,49,67,69,20,61,48,69,50,58,106,39,37,57,108,94,101,145,34,81,80,130,57,69,66,83,64,101,109,76,68,68,48,19,46,77,52,64,75,63,64,,70,70,65,77,47,34,41,64,51,43,65,43,39,59,44,70,114,,53,104,75,,48,106,84,60,77,34,87,64,58,77,96,73,58,105,59,48,60,57,69,85,80,66,80,68,58,67,61,44,58,67,81,98,55,36,51,41,167,41,119,86,74,43,52,49,54,57,84,129,57,103,70,47,79,85,38,94,64,105,43,101,81,16,24,15,54,84,71,41,108,20,81,40,49,42,62,63,49,95,39,38,72,31,41,77,58,71,40,103,60,59,61,71,159,82,90,51,86,94,135,106,112,100,51,55,73,39,113,78,63,119,102,99,43,102,81,61,74,113,124,93,77,93,89,101,82,84,83,85,82,75,82,82,83,48,94,81,54,98,28,87,87,93,74,89,82,87,89,83,,112,127,83,112,32,90,111,101,87,60,48,69,77,127,37,67,84,95,143,97,59,130,69,67,45,
20161120,10,O3_8h,5,26,6,15,39,3,19,62,16,14,31,23,9,4,10,19,26,40,29,39,31,27,40,60,8,18,15,23,35,60,41,52,34,11,22,8,23,20,19,44,59,64,13,6,15,40,23,13,6,27,7,31,15,6,41,31,6,10,11,12,21,4,8,28,6,5,7,8,20,5,9,10,11,20,20,9,20,28,31,35,34,24,15,13,28,,27,13,18,56,25,5,27,25,60,50,38,49,91,41,17,56,6,54,6,15,19,12,13,7,17,14,9,9,13,22,38,31,23,63,26,39,35,59,12,19,13,8,3,7,15,12,11,33,30,49,31,6,74,9,14,5,6,5,6,53,3,22,6,26,5,20,8,6,4,48,80,25,46,61,27,6,28,58,23,25,47,50,36,,64,64,53,18,21,19,24,29,36,27,11,25,28,43,24,35,49,,13,17,4,,8,12,8,7,6,3,14,40,54,42,50,56,51,94,17,23,19,8,41,75,57,51,54,55,54,49,38,27,21,51,62,76,35,28,30,11,74,24,26,33,70,6,19,30,16,31,56,35,30,43,23,19,11,2,7,16,24,27,18,10,13,8,5,6,7,12,41,3,6,11,52,27,34,28,39,50,34,30,6,21,32,25,12,27,28,41,31,24,27,25,24,5,9,16,29,16,9,6,38,11,9,3,6,25,66,8,7,23,36,31,35,57,35,50,7,17,7,38,19,63,9,23,6,38,16,13,42,7,22,31,22,27,2,14,36,45,6,4,11,20,21,19,3,36,8,70,45,6,,49,77,5,56,26,32,36,31,64,3,5,28,18,31,20,39,42,39,34,29,55,110,5,59,40,
20161120,10,O3_8h_24h,8,37,7,34,39,4,19,67,16,17,39,23,10,4,12,42,41,40,32,48,31,30,40,60,11,18,15,28,36,60,41,63,34,20,32,11,35,23,33,54,66,81,13,6,16,45,23,18,7,33,7,59,15,6,65,49,7,25,13,16,25,4,12,40,6,5,7,14,20,6,10,28,16,21,21,9,20,40,53,44,35,24,18,13,28,,34,13,18,62,28,5,40,34,63,55,46,51,122,49,17,70,6,64,9,28,49,34,18,7,25,23,10,13,16,36,62,40,33,64,39,56,47,59,12,19,13,11,4,7,27,13,11,33,30,49,35,6,81,11,17,5,13,6,6,54,7,26,12,30,5,22,10,7,4,70,80,25,48,61,36,6,33,58,32,26,55,53,42,,66,67,56,18,23,23,25,36,36,27,11,31,28,46,31,44,95,,18,37,4,,14,14,8,9,9,3,18,52,57,42,54,57,54,99,19,46,33,8,42,75,77,65,64,57,55,51,43,31,40,51,70,83,43,28,30,22,80,32,39,36,70,15,22,45,16,46,59,35,53,62,23,34,11,2,7,27,40,33,18,40,13,9,5,6,11,17,52,3,6,11,57,30,46,40,57,59,34,56,6,24,40,27,12,27,33,57,32,30,27,25,35,5,15,16,39,20,16,8,39,15,26,4,6,32,68,11,19,25,39,60,47,61,36,50,7,17,7,50,42,79,13,27,6,52,37,13,53,7,26,33,22,47,5,17,52,54,6,4,11,26,25,22,3,41,9,70,58,6,,53,78,5,74,29,67,37,34,64,3,10,36,18,31,28,54,43,49,34,35,55,112,17,63,40,
20161120,10,CO,1.35,1.21,1.00,3.10,0.46,2.20,0.70,0.57,0.50,1.13,0.60,0.90,1.07,2.17,1.58,0.64,1.01,1.02,0.85,1.06,1.07,1.39,0.80,0.80,1.62,1.30,1.21,1.07,1.17,1.50,0.98,0.93,0.80,1.35,1.19,0.82,1.55,1.10,1.20,0.73,1.10,1.00,1.50,1.00,1.71,0.68,0.90,1.73,1.74,0.50,2.52,1.43,1.27,1.08,0.80,0.65,0.97,0.77,0.87,1.12,0.96,1.47,0.97,0.53,1.78,2.43,1.07,1.64,1.32,2.16,2.55,3.70,2.90,1.00,1.15,1.15,2.10,1.38,1.45,1.18,0.57,1.25,0.67,0.88,0.77,3.00,0.90,1.52,0.76,0.36,0.87,1.30,1.73,0.63,0.40,0.83,0.82,1.00,0.63,0.90,0.85,1.03,1.00,1.30,1.85,1.45,1.58,1.00,3.77,3.07,2.00,4.34,3.40,3.42,2.73,0.83,0.62,0.88,0.74,0.74,1.15,0.68,1.04,1.93,1.32,1.29,4.60,4.80,3.20,4.93,2.30,2.40,1.60,1.55,1.30,1.60,1.60,1.00,0.57,0.93,0.55,1.38,1.94,1.92,1.03,1.97,1.52,1.32,1.03,1.10,1.40,1.70,2.47,1.74,1.70,1.60,0.60,1.20,1.50,1.17,0.95,1.85,0.30,0.20,0.50,0.60,0.30,0.60,0.75,,0.50,0.30,0.20,1.20,1.00,1.10,0.90,1.10,0.90,0.83,1.70,1.45,2.00,0.80,1.45,1.25,1.40,,1.10,1.80,3.60,,5.24,1.62,2.17,4.05,2.15,1.50,2.50,0.93,,0.40,0.30,0.53,0.60,1.15,1.22,0.78,0.30,1.02,0.70,0.30,1.60,0.50,0.95,0.55,1.10,0.90,0.47,0.87,0.80,0.53,0.60,0.80,1.25,0.60,0.97,1.38,1.53,1.35,1.05,1.47,0.85,1.50,1.30,1.20,1.85,1.50,1.57,0.80,1.47,0.63,0.67,0.90,1.02,2.27,1.00,1.10,1.10,0.63,1.00,1.43,1.20,3.83,5.00,3.47,3.40,2.23,2.12,2.23,1.97,1.44,2.00,2.25,1.43,1.40,1.20,1.20,1.53,2.17,1.65,1.38,1.23,1.13,1.77,0.70,1.25,1.45,0.85,1.25,0.67,0.93,0.77,0.95,0.70,1.00,1.05,0.80,0.80,1.87,1.07,1.38,1.77,0.93,1.77,1.90,0.70,1.35,1.35,0.60,1.90,1.20,0.72,0.60,0.95,0.85,1.60,0.60,1.00,1.70,1.40,0.10,0.65,0.75,1.40,0.43,1.05,0.80,0.50,1.00,0.75,1.55,1.10,0.75,1.10,1.60,1.15,0.45,1.73,2.00,1.95,0.95,1.55,1.90,1.20,0.40,1.90,0.45,1.00,1.70,,2.75,1.80,3.40,0.80,1.50,1.00,1.30,0.80,0.50,1.80,2.50,0.85,1.70,2.05,1.00,3.10,2.35,1.10,1.23,2.40,0.95,0.50,2.90,1.65,0.10,
20161120,10,CO_24h,1.28,1.54,3.00,1.85,0.56,3.32,2.28,0.50,0.70,1.37,1.30,2.30,2.67,1.87,1.18,0.51,0.88,1.08,1.01,1.46,1.57,1.54,1.32,1.40,1.50,1.30,1.53,1.53,1.57,1.60,1.30,1.10,1.45,1.44,1.11,1.02,1.60,1.40,1.45,0.67,1.07,1.00,1.73,0.85,1.56,0.88,0.77,1.87,2.03,0.85,2.76,1.38,1.21,1.16,0.79,0.68,0.97,0.73,0.90,1.10,0.96,1.20,0.83,0.53,1.51,1.97,0.91,1.06,1.00,2.01,1.73,2.20,1.35,1.32,1.08,1.15,1.82,0.74,0.53,1.30,0.67,1.10,1.03,1.27,1.60,2.80,1.53,1.66,1.06,0.54,1.13,2.00,1.47,1.13,0.50,1.27,1.06,1.07,0.63,0.77,1.20,0.97,0.90,1.20,1.30,1.40,1.42,1.05,1.77,3.00,1.38,2.90,3.65,1.68,1.35,0.82,0.58,0.65,0.94,0.86,1.15,0.58,0.92,2.03,1.60,1.47,3.28,6.00,2.85,4.07,2.00,1.33,1.48,1.35,1.32,1.50,1.63,1.03,0.53,1.00,0.60,1.20,1.50,1.72,0.80,1.77,1.35,1.12,0.95,0.90,1.35,1.47,1.97,1.21,1.43,1.00,0.80,1.03,1.44,1.23,1.15,1.65,0.65,0.90,0.80,0.60,0.60,0.65,0.75,,0.60,0.45,0.40,1.37,1.25,1.50,1.70,1.40,1.40,1.53,1.65,1.85,1.85,1.25,1.35,1.20,1.35,,1.00,1.15,2.75,,2.74,1.04,1.67,2.33,1.70,1.00,1.37,0.67,0.10,0.40,0.75,0.63,0.30,0.70,0.76,0.63,0.30,0.90,0.70,0.20,1.35,0.75,0.80,0.65,1.40,1.00,0.67,0.67,0.50,0.53,0.50,0.85,0.80,0.70,1.22,1.32,1.57,1.38,1.05,1.20,1.15,1.10,1.40,1.07,1.90,1.40,1.57,1.00,1.47,0.83,0.73,0.90,1.02,2.40,1.43,0.88,1.13,0.75,1.35,1.23,1.15,5.00,4.20,3.10,2.70,1.58,1.84,1.73,1.63,1.76,1.67,1.92,1.57,1.10,1.45,1.30,1.47,1.77,1.55,1.62,1.25,1.00,1.25,0.68,1.30,1.72,1.30,0.82,0.73,0.97,0.87,1.00,0.65,0.85,0.90,0.85,0.65,1.33,0.80,1.10,1.27,0.73,1.63,1.77,0.87,1.20,1.13,0.50,0.75,0.95,0.67,0.57,1.10,0.80,1.25,0.70,0.60,1.00,1.00,0.35,0.30,0.70,0.95,0.27,0.60,0.75,0.40,0.80,0.75,1.00,1.50,0.60,0.85,1.30,0.95,0.30,1.80,2.43,1.55,0.70,1.15,1.25,1.30,0.50,1.40,0.65,0.90,1.10,,1.80,0.90,1.90,0.80,0.40,0.60,1.00,0.50,0.60,1.50,1.30,0.60,1.70,1.45,1.10,1.90,1.10,1.10,1.90,1.90,1.35,0.70,1.30,1.60,0.20,
20161120,11,AQI,79,64,115,71,37,134,60,52,46,54,51,62,94,119,82,40,48,37,56,54,57,58,34,40,84,76,76,56,45,68,63,58,45,54,51,75,36,50,69,64,37,57,150,75,105,31,110,51,125,65,235,99,81,64,42,39,75,52,57,51,51,110,54,34,114,126,79,61,184,193,169,180,118,46,80,63,82,103,78,45,29,45,34,59,60,186,55,101,70,45,68,69,80,61,43,59,19,48,47,59,33,66,57,59,65,75,104,66,57,216,88,217,183,223,170,42,35,56,51,49,86,52,78,153,69,36,310,304,221,274,200,242,170,173,101,99,79,65,44,33,25,109,143,90,177,247,163,93,79,62,159,104,108,132,161,114,28,98,40,61,68,183,54,50,56,56,50,44,57,,40,44,39,75,68,49,45,64,52,56,81,66,109,42,32,32,50,,63,171,239,,249,120,112,216,94,144,134,80,26,55,29,24,28,94,83,54,44,75,55,36,53,50,43,34,27,40,47,53,61,39,119,63,131,13,81,123,109,81,37,53,88,205,71,43,143,54,109,14,24,15,16,21,73,53,60,47,36,38,65,40,109,233,294,218,204,224,161,170,160,90,184,206,99,179,79,71,106,109,88,30,46,90,25,34,62,39,59,37,11,41,29,55,105,28,63,13,56,115,101,118,131,105,81,104,68,64,109,44,74,71,93,29,26,99,68,50,103,70,115,24,54,49,66,53,79,40,33,58,54,118,63,75,161,184,69,69,118,117,130,102,139,125,138,54,121,56,114,123,,112,170,227,39,135,141,77,62,41,110,114,89,98,73,51,34,125,401,424,353,29,35,89,37,20,
20161120,11,PM2.5,58,46,87,49,21,102,43,14,18,35,28,41,70,90,39,28,32,26,40,38,39,41,24,13,62,56,56,34,30,49,26,22,23,38,32,55,25,35,50,46,26,38,115,55,79,14,83,26,95,23,185,74,60,44,25,22,55,28,39,36,31,83,25,13,86,96,56,29,138,145,94,112,88,30,59,45,52,48,57,20,20,27,8,42,38,140,25,76,41,15,35,50,59,26,14,23,13,31,25,39,23,48,39,34,47,55,78,48,23,166,49,167,138,173,129,25,22,36,36,20,64,36,57,117,50,25,260,254,171,224,150,192,129,131,76,74,58,47,28,23,10,82,109,67,134,197,124,69,51,14,121,70,81,93,123,52,8,49,19,25,43,138,14,11,26,30,13,16,20,,16,8,14,42,49,34,21,40,33,40,60,48,82,27,14,21,35,,45,130,189,,199,91,75,166,40,102,102,59,18,27,18,17,10,31,42,33,31,55,31,25,30,35,29,24,10,28,33,37,44,27,37,45,100,,60,93,82,60,26,26,65,155,52,30,109,14,82,8,14,8,11,14,53,31,42,33,25,24,47,28,82,183,244,168,154,174,123,129,122,67,139,156,74,135,58,52,80,82,65,21,31,67,16,24,39,25,42,17,8,25,19,28,79,16,42,9,39,52,76,89,100,79,60,78,42,46,65,29,54,52,69,20,12,74,36,35,77,24,87,12,31,9,48,33,58,28,23,31,38,89,45,52,123,139,40,35,85,45,99,64,84,67,105,19,52,24,73,50,,71,129,93,17,103,108,39,36,13,83,63,30,68,46,31,24,95,100,155,143,19,12,66,17,13,
20161120,11,PM2.5_24h,88,67,225,63,29,169,156,21,25,50,62,114,161,79,36,25,28,38,56,98,51,61,73,66,76,72,75,68,57,77,66,57,79,102,89,76,82,80,81,50,53,82,126,55,44,36,63,52,112,58,208,64,44,53,27,24,54,29,41,41,35,69,30,14,83,106,44,33,57,118,78,77,56,47,43,45,60,17,34,31,20,35,64,75,89,158,56,79,68,25,61,74,91,91,20,46,42,52,34,35,50,38,37,34,54,79,86,51,20,190,36,107,154,70,54,37,25,34,38,32,53,36,38,88,48,61,186,257,188,227,172,80,66,68,50,48,46,54,25,32,10,79,89,44,112,157,122,70,72,22,117,64,48,66,116,42,26,43,23,26,55,118,43,43,57,34,38,19,31,,22,20,15,71,81,79,70,84,43,115,66,68,64,68,90,108,72,,33,100,126,,127,60,57,93,47,92,40,31,22,23,18,26,12,20,33,33,31,45,31,25,34,46,31,38,42,32,37,28,21,27,30,38,45,12,74,65,95,48,50,32,57,93,107,35,107,60,78,45,22,25,22,28,61,64,82,56,39,58,78,57,69,230,230,189,151,159,113,108,147,66,78,124,66,81,57,42,66,70,52,56,58,37,25,58,39,31,50,56,21,35,34,32,66,47,44,21,35,41,62,88,79,84,41,65,58,39,48,22,31,33,57,22,24,86,25,37,41,16,64,11,28,13,23,28,31,27,13,25,19,30,47,21,64,60,24,13,86,72,69,59,66,58,76,48,38,29,52,65,,46,54,91,22,47,28,34,19,21,67,52,32,45,34,31,17,79,67,128,70,41,20,28,14,20,
20161120,11,PM10,84,55,107,91,37,196,69,53,46,57,52,73,117,185,114,37,48,30,58,38,63,62,29,40,114,93,85,62,45,76,75,66,45,57,51,82,34,40,77,72,35,63,140,74,92,31,114,51,155,80,229,92,82,78,42,39,84,54,64,52,52,112,57,34,122,178,107,71,318,259,288,309,185,46,86,61,113,155,73,45,26,45,34,66,70,241,59,126,89,45,85,61,84,71,43,68,10,48,47,68,30,82,63,67,55,75,107,62,64,233,126,292,221,324,197,42,35,62,32,49,118,53,58,158,59,29,393,359,212,316,189,263,173,193,90,89,103,57,44,32,25,150,159,130,231,260,233,97,107,74,226,157,161,213,238,178,27,146,40,72,86,233,57,50,61,61,50,44,64,,40,44,39,99,63,45,45,78,54,54,78,68,107,42,32,32,48,,71,228,301,,243,166,173,252,138,237,211,84,21,60,29,19,28,138,115,58,32,84,59,28,55,46,43,34,27,24,47,55,70,33,188,52,,13,90,133,,73,32,55,101,210,,39,122,58,108,14,24,15,15,21,59,55,70,40,34,38,60,33,129,266,344,220,219,269,188,211,267,110,179,187,113,183,87,62,98,130,86,26,46,108,25,33,73,39,59,37,,41,29,59,113,28,76,11,62,179,102,136,171,127,107,139,85,77,167,44,91,88,103,29,26,89,85,49,141,90,129,17,57,49,67,56,106,39,26,65,18,57,54,99,163,,88,88,186,183,150,154,228,199,217,57,192,61,177,196,,173,246,369,39,143,144,103,73,41,164,177,128,146,95,52,,195,501,524,462,29,,,37,20,
20161120,11,PM10_24h,154,85,326,95,46,332,219,104,65,75,87,190,252,158,107,33,40,49,68,155,90,127,156,104,115,93,124,116,94,108,114,95,90,148,140,126,113,136,133,91,82,138,158,80,59,94,107,97,161,104,245,81,62,91,43,38,85,48,70,66,69,108,52,32,124,183,92,90,170,252,277,292,131,55,70,78,161,56,42,58,30,49,115,95,128,257,84,111,106,46,98,99,111,119,41,71,93,85,52,59,89,61,63,53,76,107,132,88,44,243,104,169,241,169,87,52,35,45,50,87,66,60,55,138,69,99,304,401,224,340,234,181,95,107,70,83,73,70,44,41,28,139,130,96,184,207,209,99,124,66,243,153,135,187,229,127,75,126,36,61,79,169,73,73,78,56,66,39,54,,33,40,38,147,129,125,147,146,71,163,95,116,95,105,174,155,97,,60,150,209,,178,117,126,196,117,231,92,44,29,50,56,33,30,73,52,46,40,75,59,31,49,61,43,51,44,46,62,45,38,35,63,42,54,26,101,97,106,72,70,63,79,126,98,54,125,85,100,75,55,53,40,57,109,112,135,93,66,90,123,79,120,355,347,238,205,227,176,189,218,112,108,130,97,112,87,59,99,100,75,77,76,64,43,88,70,47,96,89,36,56,49,54,105,75,66,29,56,177,85,123,115,119,126,120,97,64,108,53,50,55,104,33,67,108,72,59,70,37,100,23,48,32,39,49,54,47,28,53,34,53,95,48,90,58,54,34,179,201,104,215,193,173,182,89,139,87,147,163,,121,142,384,75,124,74,97,46,58,137,108,96,119,62,73,25,252,298,331,212,46,39,30,37,29,
20161120,11,SO2,6,12,28,73,17,38,31,9,10,6,21,32,13,161,46,45,31,27,33,12,10,13,16,10,20,8,17,13,12,11,10,11,11,10,11,12,18,9,12,14,7,19,14,14,11,5,22,18,24,21,29,10,15,26,9,13,24,16,21,16,11,40,10,5,22,28,18,17,9,34,54,79,233,22,21,10,59,47,73,18,33,98,10,13,33,29,20,39,20,8,16,20,43,14,6,28,9,9,9,12,10,12,6,16,13,19,36,28,53,53,59,167,190,84,247,47,23,36,51,17,69,27,24,13,7,16,60,37,39,55,29,31,37,21,10,14,11,18,11,9,1,15,48,104,57,34,25,9,19,7,36,44,103,39,46,30,10,115,8,6,29,41,7,10,20,20,10,9,9,,4,5,8,7,13,18,23,13,13,14,10,13,24,13,7,7,21,,42,9,22,,205,88,154,138,177,243,124,13,4,21,30,18,25,26,181,57,25,118,21,13,12,12,15,8,5,11,12,27,11,16,2,40,26,7,11,16,10,27,21,9,20,23,17,14,14,17,26,8,9,9,6,6,5,35,31,25,17,16,25,6,39,54,40,35,44,12,22,9,18,14,18,11,11,16,11,7,8,8,32,9,23,22,8,9,11,13,5,7,8,12,18,17,26,8,9,5,19,57,29,53,88,32,41,7,18,6,21,14,41,42,15,17,13,17,25,5,54,28,23,10,5,7,54,23,16,9,16,1,8,40,7,7,13,36,66,5,19,24,22,13,48,169,190,15,56,18,83,56,,95,79,79,19,61,25,144,97,18,194,80,12,18,23,21,21,49,2,12,194,29,2,36,15,11,
20161120,11,SO2_24h,6,14,46,40,16,68,43,12,12,7,20,34,37,109,38,45,29,39,46,19,12,18,23,20,14,14,20,19,16,16,10,14,14,15,16,24,23,16,14,16,10,17,34,12,11,9,21,18,23,24,29,9,14,19,8,13,17,17,18,15,9,20,12,4,19,21,15,21,9,27,29,31,99,22,20,18,34,16,16,21,24,90,16,14,26,25,21,34,21,16,25,26,36,27,8,28,14,17,8,9,13,11,8,12,12,21,28,13,27,32,61,91,220,62,65,42,14,22,59,20,40,21,21,17,13,23,41,59,36,34,32,24,15,19,12,10,12,9,10,8,2,14,24,47,27,20,26,12,14,15,26,27,54,20,30,55,13,120,8,7,20,22,11,15,22,22,10,8,21,,4,7,7,12,15,27,31,20,15,21,17,17,25,19,8,11,27,,43,13,23,,85,80,142,85,81,105,54,12,3,43,27,9,20,18,64,40,11,95,19,20,14,16,17,12,12,16,14,25,8,14,5,36,17,13,11,16,16,21,17,9,14,23,15,14,15,19,25,11,12,13,10,6,10,43,60,27,17,25,31,8,31,55,30,27,39,14,19,10,20,18,16,11,11,15,7,7,6,10,26,11,28,18,19,23,17,11,8,7,11,11,22,19,23,12,9,8,22,19,13,21,36,15,22,11,19,5,11,14,36,33,21,24,16,12,21,7,18,11,32,11,4,4,25,23,11,12,9,3,9,15,7,6,13,31,47,5,22,39,22,9,115,63,48,15,21,13,77,48,,43,17,31,17,26,19,26,33,19,78,47,12,16,13,18,8,29,3,19,76,20,4,18,10,19,
20161120,11,NO2,50,27,30,54,31,59,37,17,35,24,19,28,34,73,47,28,29,18,28,35,41,60,22,20,40,10,45,39,28,32,21,19,20,53,51,50,40,30,54,25,13,45,52,44,48,48,54,31,61,28,73,38,41,62,24,45,60,35,50,23,19,84,36,10,49,61,34,37,41,59,93,82,67,39,34,32,43,51,43,16,21,29,31,39,26,30,34,36,25,12,18,40,46,25,7,15,23,18,6,10,27,17,20,17,51,22,42,61,36,53,28,95,48,82,39,23,16,31,21,12,27,23,22,45,34,34,85,78,64,83,51,50,56,45,18,20,21,24,9,24,9,50,58,59,40,76,52,37,40,26,59,55,73,52,55,29,23,32,15,23,33,42,13,19,28,12,14,13,12,,6,12,9,37,34,33,36,22,32,35,44,23,31,16,23,37,43,,50,58,53,,86,46,53,72,46,34,42,23,10,23,15,12,12,26,42,25,23,30,12,7,13,13,10,11,5,14,13,19,28,20,36,20,31,10,30,35,35,36,39,46,31,29,19,36,31,31,36,20,38,23,28,41,13,20,42,27,33,30,39,28,52,72,93,71,65,51,34,34,64,36,41,40,34,31,32,16,33,36,43,26,18,27,30,19,14,21,23,17,10,19,22,34,20,17,23,13,23,59,39,41,58,60,34,41,38,35,43,12,87,44,25,9,12,38,30,23,32,36,18,13,24,23,44,13,28,18,15,22,14,40,23,10,39,11,48,28,39,44,43,43,55,65,52,12,80,21,39,36,,114,39,73,11,22,22,42,26,9,51,39,16,57,52,36,55,58,26,27,39,23,19,44,22,10,
20161120,11,NO2_24h,55,42,86,46,30,95,78,20,39,35,41,64,79,62,46,31,33,35,53,76,42,75,44,37,43,14,54,48,40,48,32,33,38,77,74,84,53,59,67,27,21,55,67,42,44,51,54,45,66,39,80,41,37,80,35,50,60,54,50,41,31,72,34,12,56,71,44,42,47,63,70,67,61,47,35,41,49,33,24,24,21,35,48,44,47,48,44,44,32,22,32,68,45,40,11,24,26,29,7,13,42,14,26,15,58,31,43,45,28,68,33,66,54,60,25,29,18,24,26,21,30,25,29,58,45,44,72,93,69,82,51,48,41,48,25,24,16,32,10,30,12,55,42,55,36,62,45,38,43,34,62,49,56,45,54,28,35,41,17,23,31,41,28,24,37,22,23,15,22,,12,17,15,57,55,57,48,39,45,51,62,25,40,28,39,62,46,,34,39,48,,68,39,46,61,39,32,40,21,12,34,21,16,13,16,27,24,23,28,23,14,16,16,20,23,13,25,19,21,26,30,37,35,24,16,42,30,44,54,39,36,41,35,39,40,37,53,57,30,32,23,27,38,23,35,56,30,27,26,38,24,50,81,105,83,66,43,40,47,56,47,40,43,38,36,8,28,36,26,27,36,26,27,41,25,15,21,20,22,17,24,25,31,25,21,28,12,21,43,34,37,42,49,29,46,33,37,34,19,60,34,39,13,18,31,37,31,23,14,34,13,19,17,30,13,22,18,16,24,17,20,44,24,30,28,35,14,41,53,39,32,49,53,54,26,71,27,39,44,,60,27,61,12,15,20,17,27,16,46,32,28,48,43,37,21,48,30,48,35,27,15,33,11,12,
20161120,11,O3,3,42,18,16,36,4,31,66,40,21,57,36,11,7,30,43,48,56,47,51,32,25,46,68,15,17,26,24,26,54,45,66,55,13,24,24,22,18,8,56,68,35,23,14,13,13,41,23,12,57,15,18,16,33,80,45,40,44,53,70,53,19,13,38,6,5,51,46,35,6,24,14,29,23,18,9,30,31,32,48,52,48,29,20,41,,41,36,34,63,59,21,33,42,61,61,32,59,83,50,34,81,33,66,23,70,45,24,37,9,32,19,13,16,23,45,60,34,45,65,36,57,45,55,17,15,19,7,6,15,14,33,24,43,47,73,36,23,90,22,32,10,12,16,11,56,4,28,6,69,7,17,13,8,7,51,91,38,42,57,42,15,52,73,54,58,63,58,55,,67,68,65,19,27,27,31,46,38,30,18,25,29,44,32,36,13,,22,15,10,,14,28,16,16,9,8,30,41,56,52,61,59,52,76,26,45,48,24,60,81,64,60,63,62,63,70,53,40,38,57,93,68,49,25,33,16,20,31,28,27,72,11,28,27,19,46,57,44,18,34,46,15,11,2,9,12,18,25,20,12,21,16,17,8,7,11,50,5,9,14,48,27,23,32,50,43,27,30,7,15,25,46,15,31,40,43,20,25,26,35,26,14,46,27,51,19,20,14,47,31,10,7,8,28,66,6,20,31,46,36,50,75,40,42,32,23,13,54,71,76,31,45,30,61,47,28,51,22,36,57,42,42,28,26,44,46,7,24,47,13,34,26,38,70,24,70,59,32,,51,76,19,87,5,61,52,46,69,25,15,58,18,37,20,12,13,40,33,22,46,113,14,44,40,
20161120,11,O3_24h,67,63,42,43,49,9,32,78,79,64,76,50,22,52,78,50,63,62,58,67,45,51,57,69,28,24,64,39,52,79,46,66,55,57,233,154,144,56,77,137,143,88,83,106,25,80,107,74,15,58,57,61,21,129,93,86,104,77,79,99,102,125,104,51,34,75,109,94,86,39,99,62,63,33,26,44,84,93,63,48,64,71,136,20,41,11,41,36,41,66,59,23,65,44,65,66,94,128,132,56,68,101,80,90,117,145,150,109,96,22,86,66,54,89,63,46,66,44,62,70,53,61,67,75,23,30,87,14,38,49,67,69,25,61,50,73,50,58,106,39,37,57,108,94,101,145,38,81,80,130,57,69,66,83,64,101,109,76,68,68,48,19,52,78,54,64,75,63,64,,70,70,65,77,47,34,41,64,51,43,65,43,39,59,44,70,114,,53,104,75,,48,106,84,60,77,34,87,64,58,77,96,73,57,105,59,49,60,57,69,85,80,66,80,68,63,71,61,44,58,67,93,98,55,36,51,41,167,42,100,86,76,43,52,49,54,57,84,129,57,103,70,47,79,85,38,94,64,105,43,101,81,16,24,15,54,84,71,41,108,20,81,40,49,42,62,63,49,95,39,38,72,46,41,77,58,71,40,103,60,59,61,71,159,82,90,51,86,94,135,106,112,100,51,52,73,39,113,78,63,119,102,99,43,102,81,61,74,113,124,93,77,93,89,101,82,84,83,85,82,75,82,82,83,48,94,81,54,98,47,87,87,93,74,85,82,87,89,83,,112,127,83,112,32,90,111,101,87,60,48,69,77,127,37,67,84,95,143,97,53,130,69,67,45,
20161120,11,O3_8h,5,26,7,14,40,3,22,63,20,15,34,26,9,4,12,22,29,43,32,39,32,25,42,65,9,19,16,23,35,61,41,54,38,12,20,10,21,21,17,46,60,58,15,7,15,35,25,15,7,30,8,27,15,9,45,32,10,14,16,20,25,6,7,29,6,5,13,12,23,5,11,9,13,20,19,9,20,27,29,36,37,27,16,14,31,,30,17,21,56,31,7,29,27,60,51,37,52,87,42,24,58,10,55,8,23,21,13,16,7,19,14,10,10,14,24,39,30,26,63,27,39,36,60,14,19,13,8,3,8,15,15,12,35,35,53,31,8,77,11,16,6,7,6,6,53,3,22,6,32,5,19,8,6,4,48,88,28,46,61,29,7,32,61,26,28,48,51,39,,64,64,54,18,21,19,27,29,37,29,13,23,28,45,24,35,41,,14,14,5,,8,14,9,8,6,3,16,39,54,46,51,56,51,91,19,24,22,10,45,76,55,50,55,57,55,51,39,29,22,52,64,73,36,28,30,11,74,24,29,33,70,6,20,28,17,32,57,39,27,41,29,17,11,2,7,14,22,26,20,10,14,9,6,6,6,11,40,3,7,12,50,26,31,28,39,48,34,28,6,21,29,28,12,28,30,41,31,24,27,27,22,7,14,18,32,16,10,7,39,13,9,3,6,28,66,8,9,24,36,31,37,59,35,49,11,19,8,41,24,63,11,26,9,40,19,15,42,10,23,35,26,28,5,15,37,44,7,6,17,18,23,20,7,38,10,72,46,9,,49,77,6,58,23,36,38,32,64,6,6,32,19,35,18,33,39,37,36,28,49,110,3,57,40,
20161120,11,O3_8h_24h,8,37,8,34,40,4,22,67,20,18,39,26,10,4,13,42,41,43,34,49,32,30,42,65,11,19,17,28,36,61,41,63,38,20,32,13,35,23,33,54,66,81,15,7,16,45,25,18,8,34,8,59,15,9,66,49,10,25,16,21,26,6,10,40,6,5,13,17,23,6,12,28,18,22,21,9,21,40,53,44,37,27,19,14,31,,34,17,21,62,32,7,40,34,63,55,46,53,122,49,24,70,10,64,9,30,49,34,20,7,26,23,11,13,17,37,62,40,34,64,39,56,47,60,14,20,14,11,4,8,27,16,13,35,35,53,37,8,81,12,17,6,13,7,6,54,7,26,12,33,5,22,10,7,4,70,88,28,49,61,36,7,35,61,32,28,55,53,43,,66,67,56,19,23,23,27,36,37,29,13,31,28,47,31,44,95,,18,37,5,,15,15,9,10,9,3,19,52,57,46,54,58,54,99,21,46,33,10,45,76,77,65,64,58,55,52,44,32,40,52,70,83,43,28,31,22,80,33,42,36,71,15,22,45,17,46,60,39,53,62,29,34,12,2,7,27,40,33,20,40,14,10,6,6,11,17,52,3,7,12,57,30,46,40,57,59,34,56,6,24,40,28,12,28,33,57,32,30,28,27,35,7,18,18,39,20,17,9,39,16,26,4,6,36,68,11,19,25,39,60,48,61,36,50,11,19,8,50,42,79,13,28,9,52,37,15,53,10,26,35,26,47,5,17,53,54,7,6,17,26,25,23,7,45,10,72,58,9,,53,78,6,74,29,67,38,34,64,6,10,38,19,35,28,54,43,49,36,35,50,112,17,63,40,
20161120,11,CO,1.50,1.10,0.80,2.38,0.46,2.08,0.57,0.50,0.52,1.13,0.57,0.95,1.03,2.14,1.55,0.53,0.96,0.98,0.84,1.09,1.12,1.44,0.80,0.70,1.60,1.30,1.13,1.13,1.17,1.53,0.88,0.50,0.80,1.35,1.17,0.88,1.55,1.10,1.25,0.73,1.00,0.95,1.50,1.05,1.71,0.72,0.90,1.58,1.73,0.44,2.65,1.47,1.27,0.96,0.74,0.65,0.95,0.77,0.77,0.94,0.80,1.33,0.91,0.50,1.83,2.22,0.74,1.02,1.07,2.18,2.53,4.30,3.75,1.05,1.18,1.15,1.88,1.36,1.45,1.05,0.57,1.13,0.70,0.80,0.90,2.60,0.87,1.30,0.80,0.36,0.70,1.10,1.77,0.53,0.40,0.80,0.82,0.97,0.63,0.80,0.80,1.00,0.85,1.20,1.55,1.10,1.35,1.05,3.07,2.30,1.65,4.18,2.85,3.08,2.78,0.67,0.57,0.73,0.72,0.76,1.02,0.60,0.90,2.03,1.27,1.34,4.63,4.05,3.15,4.57,2.17,2.57,1.54,1.55,1.28,1.60,1.63,0.87,0.50,0.92,0.55,1.20,1.72,3.52,0.87,1.77,1.73,1.32,1.08,0.80,1.45,1.83,2.73,1.84,1.70,1.35,0.70,1.00,1.54,1.20,0.85,1.90,0.40,0.20,0.40,0.40,0.30,0.60,0.65,,0.45,0.30,0.20,1.17,1.10,1.05,1.25,1.10,0.95,0.87,1.65,1.70,1.90,0.85,1.35,1.25,1.45,,1.00,1.70,3.57,,5.10,1.38,2.10,3.38,1.95,1.35,1.87,0.77,0.10,0.30,0.30,0.53,0.45,1.05,1.10,0.65,0.25,0.95,0.73,0.30,1.45,0.50,0.85,0.55,1.03,0.77,0.40,0.60,0.65,0.55,0.40,0.70,1.20,0.80,1.27,1.25,1.43,1.50,1.13,1.47,0.85,1.50,1.20,1.18,1.70,1.40,1.53,0.75,1.43,0.63,0.70,0.90,0.98,2.17,0.90,1.10,1.10,0.70,1.00,1.38,1.20,4.57,3.75,3.30,3.40,2.23,1.94,1.70,2.23,1.52,2.00,2.25,1.37,1.37,1.15,1.20,1.60,2.13,1.95,1.34,1.15,1.03,1.82,0.68,1.22,1.43,0.95,1.40,0.70,1.17,0.77,0.95,0.65,0.95,0.90,0.85,0.80,1.83,0.97,1.23,1.87,0.90,1.77,1.83,0.67,1.40,1.27,0.60,0.80,1.10,0.42,0.55,0.95,0.75,1.35,0.70,0.70,1.55,1.00,0.30,0.55,0.80,1.45,0.37,0.85,0.75,0.45,0.90,0.70,1.70,1.40,0.60,1.05,1.20,1.20,0.45,1.67,1.20,1.60,0.95,1.40,1.70,1.30,0.30,1.80,0.50,1.00,1.10,,2.85,1.30,3.50,0.80,0.80,1.00,1.30,0.40,0.40,1.70,1.10,0.55,1.70,1.65,1.00,3.30,2.25,1.30,1.30,2.70,0.93,1.00,3.50,1.75,0.10,
20161120,11,CO_24h,1.32,1.45,2.88,1.78,0.54,3.30,2.15,0.50,0.70,1.37,1.20,2.20,2.57,1.89,1.18,0.52,0.89,1.08,0.99,1.44,1.53,1.54,1.30,1.40,1.52,1.30,1.53,1.50,1.47,1.57,1.30,1.10,1.40,1.43,1.11,1.02,1.60,1.40,1.45,0.67,1.07,1.00,1.70,0.90,1.56,0.88,0.73,1.83,2.06,0.80,2.79,1.39,1.22,1.16,0.78,0.68,0.97,0.73,0.90,1.10,0.90,1.20,0.83,0.53,1.51,2.00,0.92,1.06,1.00,2.00,1.75,2.25,1.45,1.27,1.08,1.15,1.82,0.74,0.55,1.27,0.67,1.13,0.97,1.25,1.50,2.80,1.50,1.62,1.06,0.54,1.10,2.05,1.50,1.13,0.50,1.27,1.04,1.05,0.63,0.77,1.20,0.97,0.90,1.20,1.35,1.40,1.40,1.00,1.73,3.03,1.40,2.96,3.63,1.77,1.43,0.82,0.58,0.67,0.94,0.80,1.15,0.60,0.94,2.03,1.58,1.46,3.38,5.90,2.85,4.20,2.03,1.40,1.48,1.35,1.32,1.50,1.60,1.00,0.53,0.98,0.60,1.20,1.50,1.74,0.80,1.83,1.40,1.12,0.95,0.90,1.35,1.50,2.03,1.23,1.43,1.05,0.80,1.03,1.44,1.23,1.05,1.75,0.65,0.80,0.70,0.60,0.60,0.65,0.70,,0.60,0.45,0.40,1.37,1.25,1.50,1.70,1.40,1.40,1.53,1.65,1.85,1.85,1.20,1.40,1.20,1.30,,1.00,1.18,2.78,,2.84,1.08,1.73,2.40,1.75,1.05,1.40,0.70,,0.45,0.75,0.63,0.30,0.70,0.78,0.63,0.30,0.90,0.70,0.20,1.25,0.70,0.80,0.65,1.37,1.00,0.70,0.67,0.50,0.53,0.50,0.85,0.80,0.70,1.22,1.32,1.57,1.38,1.07,1.23,1.15,1.15,1.40,1.07,1.90,1.40,1.57,0.95,1.40,0.80,0.70,0.90,1.05,2.42,1.43,0.88,1.13,0.70,1.35,1.25,1.15,4.93,4.20,3.13,2.77,1.60,1.88,1.80,1.67,1.76,1.70,1.92,1.53,1.13,1.40,1.30,1.47,1.80,1.55,1.58,1.25,1.00,1.25,0.70,1.30,1.70,1.30,0.85,0.73,0.97,0.83,0.95,0.70,0.85,0.90,0.85,0.65,1.33,0.80,1.13,1.30,0.73,1.67,1.77,0.83,1.20,1.13,0.55,0.75,0.95,0.67,0.57,1.05,0.80,1.30,0.70,0.60,1.00,1.05,0.30,0.30,0.70,1.00,0.30,0.65,0.75,0.40,0.80,0.75,1.00,1.50,0.60,0.85,1.30,0.95,0.30,1.80,2.43,1.60,0.70,1.15,1.30,1.30,0.60,1.45,0.65,0.90,1.10,,1.85,0.80,2.00,0.80,0.40,0.60,1.00,0.50,0.60,1.53,1.30,0.55,1.70,1.45,1.10,2.00,1.20,1.10,1.80,1.70,1.20,0.70,1.40,1.60,0.20,
20161120,12,AQI,88,59,103,80,34,159,59,51,45,53,49,72,101,144,78,31,43,36,56,44,61,54,40,39,81,66,62,52,55,69,62,52,41,51,50,79,34,59,62,64,30,51,153,90,111,31,93,47,120,57,252,89,93,62,45,36,75,49,61,53,58,101,39,35,128,113,59,39,137,204,178,191,145,56,89,79,85,103,78,28,38,44,27,59,70,177,58,80,64,38,60,60,71,60,38,60,19,41,49,61,45,69,53,57,58,59,89,64,56,160,87,231,179,239,160,39,30,47,56,43,73,55,66,156,71,39,332,293,219,258,166,240,191,176,99,84,98,55,47,48,25,101,144,99,174,233,204,91,85,78,160,114,104,136,144,102,47,111,52,74,66,196,51,47,55,51,54,42,57,,32,41,41,76,61,59,53,64,51,54,76,59,78,51,31,33,47,,61,183,264,,229,111,130,211,106,145,89,53,27,52,27,19,29,96,77,40,25,63,53,29,40,37,49,33,31,34,43,43,41,39,76,53,104,15,58,113,90,100,41,44,80,199,88,37,106,94,81,25,27,24,16,23,53,51,63,49,38,37,65,51,123,246,250,219,207,241,139,133,218,94,187,196,98,171,73,70,108,110,95,47,54,109,18,36,65,40,54,34,20,47,53,56,89,21,58,12,56,127,105,111,129,100,94,96,69,69,119,36,54,58,69,25,32,79,63,61,79,62,124,26,50,47,59,50,64,34,24,78,34,123,116,57,111,118,74,69,125,102,123,113,128,133,148,35,135,53,108,97,,117,115,233,36,81,61,89,36,40,108,108,77,115,70,51,74,140,453,449,314,52,65,134,46,16,
20161120,12,PM2.5,65,42,77,56,18,121,40,12,16,33,22,47,76,110,46,22,28,25,40,31,41,38,27,13,53,48,40,30,33,50,24,16,21,35,32,58,24,42,43,46,21,36,117,67,84,15,55,27,91,13,202,66,69,41,27,22,55,26,39,37,29,76,26,14,97,85,39,22,85,154,103,144,111,37,66,58,50,53,57,15,20,26,5,38,51,134,27,59,38,14,24,43,52,20,13,19,13,29,25,35,21,50,37,34,41,40,66,46,25,122,43,181,135,189,122,23,17,25,40,18,53,32,48,119,52,27,282,243,169,208,126,190,144,133,74,62,73,39,24,26,10,76,110,67,132,183,154,68,56,13,122,74,45,95,110,19,17,49,25,27,41,147,13,16,23,13,18,27,17,,8,6,13,43,44,42,26,34,28,38,56,42,57,30,18,21,33,,43,138,214,,179,84,99,161,62,111,54,37,19,22,17,12,13,30,45,23,16,37,27,20,23,26,22,21,9,20,24,24,29,27,25,37,78,,41,85,67,75,29,27,59,149,65,26,80,70,60,9,14,9,10,13,37,26,44,34,25,23,47,36,93,196,200,169,157,191,106,101,168,70,141,147,73,130,53,51,81,83,71,33,38,82,7,24,45,24,38,19,14,27,25,28,66,10,37,8,39,56,79,84,98,75,60,72,48,50,77,25,33,41,50,16,11,58,33,44,58,24,94,11,23,11,42,23,41,23,11,57,24,93,88,28,84,89,33,36,83,37,93,69,75,87,112,14,54,29,63,42,,78,80,139,15,60,28,42,15,18,79,53,29,69,51,29,28,86,128,174,165,22,38,102,25,11,
20161120,12,PM2.5_24h,89,63,215,58,28,164,148,21,25,49,58,107,156,82,35,25,29,38,56,94,50,59,70,61,75,71,74,66,55,75,64,55,76,99,84,77,77,77,79,51,51,81,124,54,44,35,60,52,111,54,210,64,45,53,27,24,53,29,40,40,35,70,29,14,84,106,44,33,59,119,78,79,58,46,44,46,55,17,34,29,20,35,59,72,84,153,51,79,67,24,54,73,89,88,19,41,40,51,34,35,49,39,36,34,53,78,86,49,20,189,36,110,152,75,58,37,25,34,38,31,54,36,40,91,48,60,192,252,190,229,173,86,70,71,51,50,47,53,25,30,10,80,90,44,115,161,126,70,72,22,116,65,49,69,113,40,26,43,24,26,51,120,39,42,52,32,34,19,30,,21,18,15,70,80,77,68,80,43,111,66,67,64,65,88,106,69,,33,105,132,,129,61,59,97,47,93,41,32,20,22,18,26,12,20,34,33,30,46,30,24,31,41,31,37,38,33,38,28,22,27,30,39,46,12,73,67,93,49,49,32,57,95,106,36,105,61,77,43,20,23,21,27,61,62,81,54,37,55,77,56,70,224,229,189,153,163,114,108,151,65,82,128,66,85,57,43,68,71,53,53,56,39,22,57,39,31,49,52,20,34,31,30,66,44,43,20,34,41,64,88,80,83,43,65,58,40,49,22,31,33,58,22,24,86,26,38,42,16,66,11,28,13,24,28,31,27,12,25,18,33,49,21,65,60,25,13,86,70,72,59,65,59,79,41,39,29,54,63,,48,56,92,20,46,26,30,18,20,68,53,32,47,34,30,18,79,69,127,72,39,20,31,15,18,
20161120,12,PM10,87,50,111,109,34,224,68,52,45,55,49,94,117,218,106,30,43,25,62,29,71,57,40,39,111,79,73,54,59,84,73,54,41,52,50,87,34,49,73,74,28,45,171,89,90,31,136,47,164,63,224,81,91,74,45,36,80,49,72,53,65,103,39,35,134,164,67,39,223,255,306,331,226,61,100,76,120,155,72,28,38,44,27,67,83,215,65,96,78,38,70,54,76,70,38,69,12,38,49,72,45,82,41,63,51,68,99,76,61,170,123,306,205,276,191,39,30,47,35,43,73,59,34,163,70,33,422,383,220,269,152,272,188,203,104,104,106,58,47,48,25,148,165,147,196,228,276,114,119,105,232,177,158,222,229,153,47,171,54,98,82,249,52,47,60,51,58,42,64,,32,41,41,101,66,56,56,77,52,56,66,58,70,51,31,33,42,,71,218,343,,229,156,167,267,162,227,128,54,20,53,27,11,29,141,104,40,25,75,56,23,40,36,49,33,31,34,43,43,34,33,102,55,119,15,57,139,79,93,39,44,84,208,82,34,105,80,83,25,27,24,15,23,52,51,75,35,38,37,58,48,139,280,284,209,213,281,172,200,279,115,180,165,105,151,79,59,100,128,95,36,50,111,17,36,80,40,58,34,20,47,55,62,90,21,65,12,61,203,107,135,166,131,138,125,88,82,188,36,57,66,76,24,32,72,75,69,108,74,115,21,50,47,67,50,78,34,24,84,30,84,53,64,113,,98,88,199,153,136,176,206,216,246,35,220,55,166,144,,183,179,373,36,95,71,128,36,40,166,165,103,179,85,51,97,230,553,549,431,53,79,,46,,
20161120,12,PM10_24h,153,80,312,90,45,324,208,101,65,74,83,181,243,164,103,33,41,49,68,148,87,122,148,96,114,92,124,112,90,105,111,94,87,142,133,126,107,131,129,91,80,136,157,79,60,90,104,97,161,99,245,81,63,90,43,37,85,48,69,64,68,107,51,32,125,183,92,91,174,250,272,288,136,54,72,79,144,55,44,44,31,49,101,91,122,250,80,112,105,45,89,97,109,117,41,70,84,84,51,58,87,62,61,54,73,105,130,84,43,243,106,175,238,175,92,51,35,46,50,82,67,60,56,142,70,98,310,393,226,342,232,186,100,112,72,84,74,70,44,41,28,140,133,96,188,211,217,100,124,66,238,154,134,190,224,127,76,126,37,63,74,174,68,70,72,56,61,39,54,,33,40,38,144,127,121,143,141,71,156,96,114,94,100,171,152,94,,61,157,219,,180,119,129,201,120,233,94,45,25,49,54,34,30,77,55,46,40,76,58,29,44,53,43,50,39,45,62,45,39,35,64,42,56,26,101,101,104,71,68,63,78,130,97,54,123,87,98,71,48,51,38,54,109,110,134,86,62,87,123,78,121,345,346,237,207,233,178,192,225,108,114,134,95,115,88,59,100,102,76,74,75,66,38,85,70,47,95,82,35,54,46,52,104,71,64,27,55,180,87,124,118,118,129,114,97,65,111,52,50,54,103,33,65,107,72,60,73,37,101,23,48,32,40,49,56,48,28,53,34,51,96,48,91,58,56,35,182,193,108,208,187,173,187,96,144,87,148,158,,125,142,377,69,116,71,92,45,56,140,111,96,121,60,68,30,247,311,337,219,45,41,29,37,29,
20161120,12,SO2,6,11,26,85,15,41,24,12,10,6,17,36,15,177,39,46,24,25,35,12,10,14,15,10,21,9,16,13,11,11,9,11,10,11,11,16,17,10,10,13,7,20,17,12,11,5,9,16,24,16,31,9,17,23,8,12,20,12,20,14,9,35,11,5,23,28,15,16,8,36,58,123,241,24,21,13,51,38,55,10,27,61,9,15,37,27,20,32,21,8,17,20,34,11,6,27,12,8,9,10,10,14,6,14,16,15,23,26,38,45,34,151,176,81,211,39,16,28,42,15,55,28,22,12,8,17,66,31,38,47,27,35,51,20,10,13,12,15,11,10,1,14,54,167,50,31,37,8,23,7,39,52,52,35,53,21,10,153,8,5,25,43,6,7,26,19,11,6,9,,3,5,9,7,13,18,23,16,14,14,11,12,25,11,6,7,23,,27,10,20,,95,82,127,135,173,210,154,20,3,18,31,11,26,40,187,37,22,107,17,15,10,15,16,9,5,9,11,25,9,14,3,29,24,8,9,14,13,28,19,9,30,18,7,12,12,26,21,8,10,10,8,5,5,30,31,22,15,22,28,7,32,56,41,24,40,11,22,8,19,19,18,11,11,16,13,9,7,8,45,8,24,22,8,9,12,13,5,6,11,12,20,15,20,10,7,5,18,66,38,44,79,30,47,10,16,6,15,13,36,51,16,17,13,15,22,12,10,25,18,9,4,5,38,17,15,9,16,1,9,41,6,8,11,50,56,5,18,15,21,13,45,91,73,11,55,8,69,23,,115,23,76,21,26,19,58,17,18,183,41,8,25,15,22,18,49,3,12,89,22,3,72,13,11,
20161120,12,SO2_24h,6,14,45,42,16,67,42,12,12,6,19,34,36,115,37,46,30,39,45,19,12,18,22,20,14,13,20,18,15,15,10,13,14,15,15,24,22,15,13,16,10,18,31,11,11,8,19,18,23,23,29,9,14,19,8,13,17,17,18,15,9,20,11,4,19,21,15,21,9,27,31,34,103,22,20,18,33,17,18,19,25,91,15,13,26,26,21,34,20,16,22,26,35,27,8,28,13,16,8,9,13,12,8,12,12,21,28,13,26,33,61,94,220,64,72,43,15,22,59,19,41,22,20,16,13,23,42,58,36,34,32,24,17,19,12,9,12,9,10,8,2,14,25,49,28,21,23,12,14,15,27,28,55,21,31,54,13,122,8,7,19,23,11,14,22,22,10,8,21,,4,7,7,12,15,26,30,20,15,20,17,16,25,18,8,11,26,,44,12,22,,85,82,146,89,86,110,60,12,3,43,27,9,19,19,71,40,11,98,19,20,13,15,17,12,11,16,14,25,8,14,5,37,17,14,11,16,16,21,16,9,14,23,14,14,14,20,25,11,10,12,9,6,10,42,59,24,15,24,30,8,30,55,30,27,38,13,19,10,20,18,16,11,11,15,7,7,6,10,27,11,28,18,17,22,17,11,8,7,10,11,21,17,23,12,8,8,22,21,14,21,38,16,23,11,18,5,11,14,37,32,21,24,16,12,21,7,18,11,32,11,4,4,25,23,11,12,9,3,9,15,7,6,13,31,48,5,22,39,22,9,104,65,49,17,23,13,79,46,,46,17,33,17,26,19,27,33,19,83,46,11,17,13,18,9,30,3,19,76,19,4,19,10,18,
20161120,12,NO2,51,26,31,58,25,63,35,17,33,25,16,27,36,79,38,24,23,18,27,31,45,61,27,18,38,13,40,43,28,31,19,18,23,54,56,52,37,31,51,25,11,46,44,48,45,47,29,33,61,19,84,37,42,55,21,34,54,19,45,22,15,79,38,9,55,74,22,23,36,65,133,71,64,39,34,38,36,46,45,14,23,27,24,40,33,29,30,30,25,11,15,40,38,12,8,14,26,16,6,9,19,18,25,12,35,16,27,59,45,46,21,86,54,77,34,25,13,28,20,10,24,23,14,45,37,38,91,75,63,75,54,47,55,45,17,18,22,21,8,20,8,50,60,72,39,81,58,40,41,8,58,62,52,55,51,11,17,33,13,20,37,43,9,11,27,13,17,12,14,,6,11,8,38,32,34,32,24,34,35,33,26,25,13,20,46,41,,36,58,52,,58,48,53,69,49,44,35,18,8,21,14,8,11,16,39,20,21,25,12,7,11,15,9,10,5,10,12,15,12,16,32,18,23,13,30,31,33,44,38,48,34,27,27,40,29,40,32,23,32,20,26,19,15,19,40,27,31,25,38,29,49,81,90,67,63,52,33,28,66,43,38,40,36,31,12,17,23,29,18,24,19,24,25,18,14,23,30,19,14,15,24,31,12,16,18,12,21,59,41,46,62,51,35,46,32,38,42,8,51,30,18,8,11,34,21,31,5,26,14,14,15,21,45,8,19,13,13,23,12,37,25,8,17,6,41,25,41,29,32,44,41,59,48,12,82,14,30,23,,119,13,68,15,15,8,24,8,8,44,32,13,47,44,30,40,66,27,28,19,21,23,43,23,7,
20161120,12,NO2_24h,56,41,83,45,30,94,76,19,40,35,39,62,77,64,46,30,32,35,52,73,41,74,41,35,43,14,54,47,38,46,31,32,38,76,72,84,51,58,65,27,20,56,66,42,44,50,52,45,66,39,81,40,37,80,34,50,60,53,50,41,31,71,33,12,56,71,44,42,47,63,72,67,62,47,35,41,48,34,25,24,22,35,46,43,45,46,42,44,32,21,30,67,44,39,11,23,25,28,7,13,40,14,25,15,57,31,43,44,27,68,33,67,54,62,26,29,18,23,26,20,30,25,29,58,44,44,74,92,71,84,52,49,42,48,24,24,16,31,10,30,12,55,43,55,37,64,46,38,43,34,62,50,57,45,54,28,35,41,17,22,31,41,26,23,36,22,22,14,21,,11,16,15,57,54,56,46,38,44,49,61,25,39,26,39,62,45,,34,41,49,,68,41,47,63,41,32,41,21,11,34,21,16,13,16,28,24,23,29,22,14,15,16,19,22,12,24,20,21,26,30,36,35,24,16,41,30,44,54,39,37,40,35,38,40,37,53,57,30,30,23,28,38,23,35,56,29,26,26,39,24,50,80,105,83,67,44,40,47,57,46,40,43,37,36,8,27,36,26,26,35,25,27,39,25,14,21,21,21,17,23,25,31,25,20,27,12,21,44,35,38,43,49,29,46,32,38,35,19,60,34,39,13,17,31,37,31,23,14,33,13,19,17,31,12,23,18,16,24,17,20,44,23,30,28,36,14,41,53,39,34,48,54,54,25,73,27,39,43,,63,27,62,12,15,20,18,27,15,47,32,28,49,43,37,22,50,30,46,34,27,15,33,12,11,
20161120,12,O3,3,46,27,13,39,4,34,66,44,22,61,45,12,10,49,50,60,59,52,60,24,29,41,76,22,14,39,24,25,57,50,73,53,12,25,35,26,20,18,62,70,33,37,21,14,14,46,25,17,67,15,22,24,50,89,62,70,61,65,97,77,43,19,45,6,7,81,71,50,7,66,30,30,25,25,9,38,40,31,54,48,48,39,18,46,99,50,44,38,66,62,27,47,92,64,66,30,66,83,52,53,99,34,73,44,80,74,48,56,10,47,28,16,22,26,45,66,39,48,71,42,64,52,56,18,16,23,8,9,28,13,43,29,53,55,82,38,38,95,30,37,14,25,22,28,73,9,38,8,97,10,19,40,11,12,68,101,41,47,60,46,32,57,83,63,64,64,63,56,,69,72,69,27,31,27,36,45,31,31,38,22,42,47,32,33,15,,32,15,10,,42,34,28,24,16,11,43,48,59,59,61,61,55,92,31,53,53,34,66,83,69,60,66,69,65,75,55,42,60,60,96,72,64,26,35,19,29,29,36,30,65,13,21,33,19,38,70,37,24,39,50,38,12,2,10,14,22,30,23,12,24,13,22,7,8,11,65,7,12,12,58,32,23,43,69,44,38,51,7,15,31,58,20,35,42,53,14,26,37,56,24,21,90,26,62,22,25,24,65,50,14,22,12,27,67,7,45,47,53,64,63,81,43,54,51,24,59,82,99,84,47,64,49,83,74,41,71,36,49,73,54,55,45,35,51,58,18,51,65,19,55,39,64,81,35,81,69,50,,69,57,34,93,12,75,85,77,73,33,23,63,31,48,24,33,16,40,34,33,49,110,25,47,43,
20161120,12,O3_24h,67,63,46,43,49,9,35,78,79,64,76,50,22,52,78,52,64,62,59,69,45,51,57,76,27,24,65,39,52,79,50,73,56,57,233,154,144,56,77,137,143,88,83,106,25,80,107,74,19,67,57,61,24,129,94,86,100,77,79,99,103,125,104,51,34,75,109,94,86,39,99,62,63,33,27,44,84,93,63,54,64,71,136,20,46,99,50,44,43,68,62,27,65,92,66,70,94,128,132,57,68,104,80,90,117,145,150,109,96,18,86,66,54,89,63,47,67,44,62,71,50,65,67,75,23,30,87,14,33,49,67,69,29,61,56,82,50,58,106,39,37,57,108,94,101,145,38,81,80,130,57,69,66,83,64,101,109,76,68,68,49,32,57,83,63,64,75,63,62,,70,72,69,77,47,34,41,64,51,43,65,43,42,59,44,70,114,,53,104,75,,48,106,84,60,77,34,87,64,59,77,96,73,57,105,59,53,60,57,70,85,80,66,80,71,65,76,62,47,62,66,96,98,64,36,51,41,167,42,100,86,76,43,52,49,54,50,84,129,57,103,70,47,79,85,38,94,64,105,43,101,81,16,25,15,54,84,72,41,108,20,81,40,49,43,69,63,49,95,39,38,72,58,41,77,58,71,40,103,60,59,55,71,159,82,90,51,86,94,135,106,112,100,51,51,73,39,113,78,63,119,95,99,44,102,81,61,74,113,124,93,77,93,89,101,82,84,83,85,82,77,82,82,83,48,94,81,54,98,65,87,87,93,74,89,82,87,89,83,,112,127,83,112,32,90,111,101,87,60,48,69,77,127,37,67,84,95,143,97,53,130,69,67,45,
20161120,12,O3_8h,4,29,10,12,40,3,24,63,25,16,38,29,10,5,17,25,32,45,35,41,31,24,44,67,11,19,20,23,35,62,43,56,42,12,19,14,19,23,20,46,63,51,18,9,15,30,29,16,9,35,9,23,15,15,51,35,19,21,24,31,35,11,9,30,6,5,23,20,27,6,18,12,16,21,20,9,22,28,28,38,39,30,19,15,35,12,33,21,25,56,36,10,31,36,61,52,35,56,85,43,28,63,13,57,13,31,27,17,21,7,23,16,10,12,16,26,41,30,29,63,28,41,37,59,16,19,15,8,4,11,14,20,15,36,41,59,31,12,80,13,18,7,8,9,9,56,3,24,7,40,6,19,13,7,5,51,93,31,47,61,32,11,35,66,32,33,50,53,41,,64,65,56,17,21,21,30,31,37,31,15,22,29,48,26,35,33,,16,11,6,,13,18,12,10,8,4,19,40,54,49,52,57,51,91,21,27,27,14,48,76,55,51,56,58,56,55,40,31,26,53,66,71,40,28,32,12,74,25,29,32,69,7,20,28,17,33,59,41,25,39,35,18,11,2,7,14,21,26,21,10,15,10,8,6,5,11,42,4,7,13,49,27,28,28,42,46,33,30,7,20,27,31,12,30,31,44,29,24,29,33,22,9,24,19,35,17,12,9,42,17,10,5,7,25,66,7,13,26,39,33,41,61,35,49,16,22,14,47,34,65,16,31,15,44,25,18,45,13,26,41,29,31,11,18,39,45,8,13,25,17,28,22,15,49,14,73,46,15,,51,74,10,62,20,40,44,37,65,10,9,37,21,38,18,31,35,35,36,28,49,110,5,55,41,
20161120,12,O3_8h_24h,8,37,10,34,41,4,24,67,25,18,39,29,10,5,17,42,42,45,37,49,32,30,44,67,12,19,20,28,37,62,43,63,42,20,32,15,35,23,33,54,66,81,18,9,16,45,29,19,9,37,9,59,16,15,67,49,19,27,24,31,35,11,11,40,6,5,23,23,27,6,18,28,20,22,21,9,23,41,53,46,39,30,21,15,35,12,35,21,25,62,36,10,40,39,63,55,46,56,122,49,28,70,13,66,13,34,49,34,22,7,27,25,11,15,18,37,62,40,35,64,39,56,47,60,16,20,15,11,5,11,27,20,15,36,41,59,38,12,82,15,18,7,14,9,9,56,8,27,12,40,6,23,13,8,5,70,93,31,50,62,36,11,38,66,33,33,55,54,44,,66,67,56,19,23,23,30,36,37,31,15,31,29,48,31,44,95,,18,37,6,,17,18,12,12,10,4,21,52,57,49,55,58,54,99,23,46,35,14,48,76,77,65,64,59,56,55,44,32,40,53,70,83,43,28,32,22,80,33,42,36,71,15,22,45,17,46,60,41,53,62,35,34,12,2,7,27,40,33,21,40,15,11,8,6,11,17,52,4,7,13,57,30,46,40,57,59,34,56,7,24,40,31,13,30,33,57,32,30,30,33,35,9,24,19,39,20,19,10,42,17,26,5,7,32,68,11,20,27,41,60,50,62,36,50,16,22,14,50,45,79,16,31,15,52,37,18,53,13,28,41,29,47,11,18,53,54,8,13,25,26,28,24,15,50,14,73,58,15,,53,78,10,74,29,67,44,37,65,10,10,41,21,38,28,54,43,49,36,35,50,112,17,63,41,
20161120,12,CO,1.58,1.09,0.77,3.17,0.46,2.00,0.55,0.53,0.50,1.27,0.53,0.95,1.00,2.39,1.15,0.60,0.84,0.97,0.82,1.04,1.14,1.40,0.88,0.70,1.36,1.40,1.07,1.03,1.20,1.47,0.78,0.37,0.75,1.36,1.17,0.90,1.55,1.10,1.25,0.77,1.00,1.00,1.43,1.00,1.69,0.74,0.63,1.50,1.59,0.31,2.85,1.46,1.26,0.90,0.72,0.65,0.86,0.63,0.77,0.94,0.78,1.17,0.91,0.50,1.87,1.95,0.66,0.72,0.93,2.21,2.98,3.30,3.90,1.13,1.18,1.27,1.68,1.22,1.17,0.77,0.57,1.15,0.67,0.78,1.20,2.20,0.90,1.14,0.72,0.38,0.97,0.80,1.33,0.40,0.37,0.77,0.90,0.95,0.60,0.73,0.80,1.10,0.95,1.15,1.10,0.95,1.10,0.95,2.70,2.30,1.42,3.00,3.02,2.85,2.35,0.67,0.52,0.65,0.74,0.72,0.85,0.56,0.90,2.07,1.38,1.34,4.52,3.95,2.95,3.57,2.20,2.57,1.60,1.55,1.24,1.60,1.67,1.00,0.47,0.87,0.55,1.02,1.54,4.72,0.67,1.67,1.63,1.18,1.00,0.45,1.50,1.97,1.70,1.80,1.60,1.10,0.60,1.00,1.52,1.17,0.95,1.60,0.40,0.20,0.35,0.40,0.35,0.60,0.60,,0.45,0.30,0.15,1.17,1.10,1.15,1.00,1.20,1.05,1.03,1.35,1.80,1.45,0.85,1.35,1.20,1.45,,0.90,1.70,3.50,,2.42,1.38,2.27,3.17,2.10,1.50,1.90,0.57,,0.30,0.30,0.47,0.45,0.95,1.06,0.60,0.20,0.75,0.67,0.20,1.45,0.50,0.85,0.60,1.00,0.67,0.47,0.67,0.35,0.50,0.40,0.55,1.15,0.80,1.48,1.18,1.23,1.47,1.17,1.43,0.95,1.30,1.20,1.10,1.65,1.40,1.30,0.80,1.43,0.60,0.67,0.70,0.90,2.05,0.97,0.85,1.05,0.70,1.02,1.43,1.15,5.10,2.95,3.27,3.27,2.28,1.86,1.53,2.37,1.80,1.97,2.25,1.43,1.30,1.10,1.20,1.40,1.87,1.65,1.34,1.05,1.03,1.82,0.65,1.20,1.40,1.00,1.23,0.97,0.87,0.90,0.95,0.50,0.80,0.80,0.85,0.90,1.70,0.90,1.08,1.57,0.70,1.63,1.80,0.70,1.40,1.08,0.45,0.70,1.05,0.35,0.53,1.00,0.50,0.90,0.80,0.40,1.15,0.90,0.25,0.35,0.70,1.40,0.27,0.60,0.55,0.40,0.90,0.65,1.50,1.45,0.55,0.55,0.70,1.10,0.35,1.57,1.03,1.40,0.95,1.05,1.40,1.30,0.50,1.70,0.25,0.85,0.85,,2.50,0.10,2.80,0.90,0.50,0.80,1.10,0.20,0.30,1.60,1.00,0.50,1.70,1.40,1.10,2.80,2.05,1.30,1.30,2.00,0.90,1.70,2.80,1.70,0.10,
20161120,12,CO_24h,1.37,1.41,2.73,1.75,0.54,3.23,2.07,0.50,0.70,1.37,1.10,2.10,2.50,1.97,1.18,0.52,0.88,1.08,0.98,1.39,1.50,1.54,1.22,1.30,1.52,1.30,1.50,1.47,1.47,1.53,1.28,1.07,1.40,1.43,1.11,1.02,1.60,1.40,1.45,0.67,1.07,1.05,1.63,0.90,1.56,0.88,0.70,1.82,2.06,0.74,2.86,1.39,1.21,1.16,0.78,0.68,0.97,0.73,0.90,1.08,0.90,1.20,0.81,0.53,1.54,2.00,0.91,1.06,1.02,2.02,1.80,2.30,1.55,1.25,1.07,1.17,1.84,0.74,0.57,0.97,0.67,1.13,0.93,1.20,1.43,2.80,1.40,1.60,1.06,0.50,1.03,2.05,1.50,1.10,0.50,1.17,1.00,1.05,0.63,0.77,1.20,0.97,0.90,1.20,1.30,1.40,1.40,1.00,1.73,3.00,1.42,3.00,3.63,1.85,1.55,0.82,0.58,0.67,0.94,0.80,1.15,0.60,0.94,2.03,1.55,1.46,3.48,5.90,2.95,4.27,2.03,1.47,1.48,1.40,1.32,1.60,1.57,1.00,0.53,0.98,0.60,1.20,1.50,1.76,0.80,1.83,1.43,1.16,0.95,0.90,1.35,1.53,2.07,1.26,1.43,1.05,0.80,1.03,1.46,1.20,1.05,1.75,0.55,0.70,0.70,0.60,0.55,0.60,0.70,,0.60,0.45,0.40,1.33,1.20,1.45,1.60,1.35,1.40,1.47,1.65,1.85,1.85,1.15,1.40,1.20,1.30,,1.00,1.20,2.85,,2.82,1.10,1.80,2.53,1.75,1.05,1.47,0.70,,0.45,0.75,0.63,0.30,0.70,0.80,0.63,0.30,0.90,0.70,0.20,1.30,0.65,0.80,0.65,1.30,0.97,0.70,0.67,0.50,0.55,0.50,0.85,0.85,0.70,1.22,1.32,1.57,1.33,1.07,1.27,1.15,1.15,1.40,1.07,1.85,1.40,1.57,0.93,1.27,0.80,0.70,0.90,1.05,2.42,1.43,0.85,1.07,0.70,1.35,1.22,1.15,4.90,4.15,3.13,2.80,1.67,1.88,1.80,1.73,1.74,1.73,1.92,1.53,1.17,1.45,1.30,1.43,1.80,1.55,1.58,1.25,1.00,1.28,0.70,1.30,1.65,1.30,0.85,0.73,0.97,0.87,0.95,0.70,0.85,0.90,0.85,0.75,1.33,0.80,1.10,1.30,0.73,1.73,1.80,0.83,1.20,1.13,0.50,0.75,0.95,0.67,0.57,1.05,0.80,1.30,0.70,0.60,1.05,1.05,0.30,0.30,0.65,1.05,0.30,0.65,0.75,0.40,0.80,0.75,1.00,1.50,0.60,0.90,1.20,0.95,0.30,1.83,2.43,1.60,0.70,1.15,1.35,1.30,0.55,1.45,0.65,0.95,1.10,,1.90,0.80,2.10,0.80,0.40,0.60,1.00,0.50,0.60,1.60,1.30,0.55,1.75,1.45,1.05,2.10,1.20,1.10,1.80,1.60,1.20,0.80,1.50,1.60,0.20,
20161120,13,AQI,95,51,109,71,34,134,59,49,34,53,42,74,100,174,73,27,32,34,48,37,60,54,35,43,77,61,55,51,46,61,56,51,43,49,53,73,41,59,53,68,26,53,140,85,104,30,53,48,98,58,263,79,105,58,44,39,73,47,61,57,55,108,46,38,140,103,53,47,117,208,173,160,145,60,93,100,81,98,89,39,40,32,21,60,88,153,64,65,62,35,63,44,71,54,39,65,19,40,44,52,37,74,50,54,53,50,68,64,56,163,70,223,189,232,154,38,33,37,50,41,56,51,43,160,73,40,324,270,215,225,161,237,209,184,96,100,96,52,39,40,23,95,139,82,126,231,200,96,101,61,169,111,91,135,131,62,40,135,26,81,69,170,53,45,52,46,56,38,55,,37,37,36,72,53,55,57,61,51,64,61,55,68,53,39,31,46,,59,191,303,,125,128,136,215,120,135,84,43,29,60,33,19,31,110,71,30,21,62,52,28,26,34,38,35,21,26,42,42,30,34,56,46,115,21,59,103,81,109,45,52,61,189,101,35,90,111,58,26,29,19,16,19,58,52,60,60,34,35,75,60,128,272,257,199,210,251,126,131,246,96,187,173,94,171,68,65,110,103,95,59,53,110,19,37,62,54,61,30,38,36,43,54,76,16,53,11,53,133,111,106,129,84,98,103,69,64,121,24,40,59,58,27,31,69,53,60,46,52,70,28,38,34,47,48,35,36,28,89,33,120,98,47,54,89,80,52,106,93,116,101,130,127,127,42,143,54,104,73,,113,111,183,47,63,55,68,28,45,108,109,79,94,65,50,64,152,449,482,359,26,80,138,57,19,
20161120,13,PM2.5,71,36,82,51,18,102,39,11,18,37,24,50,75,132,32,19,19,24,32,26,42,36,18,13,49,44,38,29,28,44,18,13,23,33,35,53,29,42,36,49,18,31,107,63,78,17,29,23,72,12,213,58,79,41,26,21,53,25,40,38,26,81,28,15,107,77,28,24,82,158,102,122,111,43,69,75,43,50,66,13,22,19,4,39,65,117,38,47,37,13,21,31,52,11,18,21,13,28,27,32,22,54,35,32,37,35,49,40,22,124,34,173,142,182,118,21,23,22,35,17,40,30,30,122,53,28,274,220,165,175,123,187,159,139,72,75,72,33,27,28,11,71,106,50,96,181,150,72,76,11,128,64,38,91,97,13,9,63,18,32,37,129,14,13,16,15,17,19,19,,7,9,14,38,37,32,27,29,32,46,44,39,49,35,22,21,32,,42,144,253,,95,97,104,165,74,103,54,26,20,43,12,12,10,32,44,18,13,32,26,16,17,24,19,21,7,18,22,27,18,24,26,28,87,15,42,77,60,82,25,24,44,142,76,24,67,84,41,11,15,9,10,13,41,31,43,43,24,23,55,43,97,222,207,149,160,201,96,100,196,72,141,131,70,130,49,47,83,77,71,42,37,83,8,20,40,30,38,20,18,21,25,32,56,11,35,5,37,58,84,80,98,62,49,77,47,46,74,16,28,42,35,12,13,50,26,43,27,22,51,11,21,8,16,14,17,18,18,66,14,91,73,16,38,66,35,23,69,36,88,64,77,62,95,13,74,19,60,30,,85,84,104,19,44,18,33,7,18,72,50,26,64,45,29,30,100,134,169,164,18,51,105,21,9,
20161120,13,PM2.5_24h,91,59,206,56,27,158,141,20,25,49,57,101,151,86,33,25,29,38,56,89,48,57,65,57,74,70,73,64,53,72,62,53,73,95,80,76,73,74,76,51,50,79,119,52,45,33,57,51,109,49,212,65,46,52,27,24,53,29,40,39,35,72,28,14,86,106,44,33,61,120,79,80,61,45,45,47,50,18,35,30,20,35,53,70,80,148,45,77,66,22,48,72,86,83,19,34,38,50,33,34,47,39,36,34,52,77,86,47,20,186,36,113,151,81,61,37,24,34,38,29,54,36,40,93,48,59,199,249,190,230,172,92,75,75,53,52,49,52,25,29,10,81,92,44,116,165,128,71,73,22,118,66,49,71,114,40,26,44,24,26,49,121,35,39,48,21,31,19,28,,20,17,15,68,77,74,66,77,43,107,66,66,64,62,87,104,67,,34,109,141,,129,63,62,102,48,94,42,32,19,23,17,25,11,21,36,33,29,46,30,23,28,37,31,37,35,33,38,28,22,28,31,39,49,12,73,69,91,50,46,32,57,98,105,36,102,62,74,41,19,22,20,26,61,60,79,53,35,52,77,56,71,219,228,188,155,166,115,108,155,65,87,130,65,88,58,43,70,72,54,51,54,42,19,55,39,30,49,49,20,32,28,29,65,40,43,19,34,41,65,88,81,82,43,67,58,40,49,22,32,32,57,22,23,85,25,39,42,16,67,11,28,13,24,28,32,27,13,26,18,36,51,21,65,60,25,14,85,69,74,60,66,59,80,41,41,29,55,63,,51,57,93,20,46,25,31,18,20,69,54,32,48,34,29,19,78,72,129,76,38,22,34,15,16,
20161120,13,PM10,92,45,121,92,34,197,67,49,34,55,42,98,120,248,96,26,32,25,48,32,70,57,35,43,104,51,59,52,46,70,61,51,43,49,55,83,40,67,55,74,21,55,144,93,76,30,55,48,146,65,251,81,104,66,44,39,81,47,71,63,59,115,46,38,146,149,56,47,184,261,295,261,217,62,113,107,111,146,82,39,40,32,21,69,110,171,78,75,74,35,75,41,71,57,39,79,16,39,44,54,37,94,48,57,52,43,66,78,61,172,89,263,218,256,187,38,26,37,42,41,52,51,39,172,80,30,412,329,199,222,169,238,197,183,99,99,97,53,39,35,23,140,163,114,179,254,250,121,145,71,232,172,131,220,212,74,40,219,26,112,88,220,56,45,54,46,61,38,59,,37,37,36,94,55,59,63,72,51,64,55,58,63,55,39,31,37,,48,239,360,,102,147,173,262,189,203,118,43,23,52,33,,31,169,92,30,21,73,54,18,26,31,38,35,21,26,42,42,30,30,62,46,100,,66,125,68,110,45,53,49,191,86,35,,106,59,26,29,19,13,19,56,53,70,55,33,35,68,67,147,346,266,193,193,301,147,156,301,119,179,143,95,147,72,55,103,115,99,46,53,111,19,37,74,58,72,30,38,36,43,58,71,16,55,8,44,216,110,136,163,99,146,136,88,76,191,24,36,68,65,19,31,64,55,66,46,53,68,20,38,34,47,48,35,36,12,84,33,108,69,47,51,,110,54,162,135,116,152,210,203,204,42,235,57,157,95,,166,102,315,47,76,59,85,19,45,165,167,107,137,79,50,78,253,549,582,467,26,109,113,64,19,
20161120,13,PM10_24h,146,73,298,88,44,313,198,97,65,74,81,173,236,172,98,33,41,48,67,144,83,117,140,90,114,89,122,109,86,102,107,92,84,137,127,125,100,123,124,91,78,135,153,78,60,87,100,93,158,93,248,82,65,88,43,37,84,47,69,64,68,107,49,31,128,184,93,90,176,248,269,282,140,55,73,80,130,58,46,55,31,49,85,88,119,243,75,109,104,44,83,95,108,114,41,69,75,83,50,58,85,63,61,55,71,103,129,81,44,240,106,179,238,182,98,51,35,46,50,79,68,58,55,145,70,97,319,387,227,343,230,190,105,116,74,86,75,68,45,40,28,142,135,96,191,217,209,102,126,66,238,156,132,195,224,127,75,129,37,63,72,178,65,68,65,49,58,39,53,,34,40,38,141,125,118,139,137,70,151,95,111,94,95,168,150,91,,60,163,228,,179,121,134,207,124,233,97,45,23,49,50,34,29,82,58,46,39,77,58,27,41,48,42,49,36,45,62,46,39,35,65,43,59,27,101,103,103,71,66,63,79,134,96,54,122,88,93,67,44,48,37,51,108,107,132,82,58,84,122,77,122,339,345,236,208,239,179,193,232,106,119,137,93,119,88,59,101,104,77,71,74,69,34,83,70,47,95,76,35,53,42,49,103,66,63,26,54,180,88,125,121,116,131,118,97,66,114,52,50,54,103,33,64,107,72,61,73,37,102,23,49,32,40,50,57,48,27,54,34,50,96,48,90,57,58,37,182,187,111,202,187,171,190,94,149,87,150,155,,128,141,367,66,107,70,93,43,56,142,116,98,118,60,65,33,233,325,348,231,43,45,37,38,29,
20161120,13,SO2,5,10,24,61,14,40,21,11,10,7,13,36,20,202,33,43,16,22,35,12,9,14,16,10,20,9,14,15,11,10,8,10,9,10,10,18,22,9,8,12,7,19,15,11,11,5,6,15,26,15,31,10,15,22,8,13,18,12,14,12,7,32,10,5,22,26,14,21,8,37,60,98,229,25,21,23,40,32,47,12,35,43,8,17,46,28,30,27,21,8,12,21,36,11,6,29,9,8,9,8,9,16,6,10,11,12,16,20,25,33,27,95,159,85,159,36,23,28,26,15,48,17,16,14,8,18,61,29,27,46,29,35,63,20,11,13,12,10,10,10,2,13,45,108,34,32,34,6,22,8,44,53,36,28,56,21,6,187,8,5,23,19,6,7,19,14,8,8,9,,4,5,7,7,12,18,24,15,14,13,10,12,24,9,7,6,23,,18,9,20,,36,77,172,122,162,178,192,12,4,18,37,7,17,37,139,34,21,70,14,7,8,12,10,6,5,9,12,22,7,12,5,44,21,14,10,17,15,30,14,9,28,21,6,11,13,27,20,9,8,10,6,6,4,29,27,18,15,16,29,7,23,56,36,12,30,10,22,8,19,34,21,10,10,16,12,10,6,7,51,7,19,21,9,10,13,12,6,6,13,12,19,16,14,12,7,5,15,50,28,45,62,25,37,14,15,6,14,12,31,68,18,12,13,15,13,22,7,15,15,8,3,2,16,13,9,9,13,2,9,29,6,7,10,45,44,5,17,14,20,24,37,72,35,14,39,6,65,15,,76,5,48,25,17,21,15,10,18,152,25,7,21,8,24,15,34,3,13,58,23,4,95,12,10,
20161120,13,SO2_24h,6,13,44,43,16,66,41,12,12,6,18,34,36,122,37,47,30,39,45,18,11,18,21,19,15,13,20,18,15,15,10,13,13,15,15,24,22,15,12,15,10,18,26,11,11,8,18,17,24,22,29,9,14,20,8,13,17,17,18,15,9,21,11,4,19,22,15,21,9,28,32,37,109,23,20,18,35,18,19,20,26,90,13,13,26,26,20,34,20,16,21,26,35,25,7,27,12,16,8,9,13,12,8,12,11,21,28,13,27,34,61,94,223,66,76,43,15,22,59,18,41,22,20,16,12,22,43,57,36,35,31,24,19,19,11,9,12,9,10,8,2,14,26,49,28,22,20,12,14,15,28,29,56,22,32,51,12,125,8,7,19,24,11,14,20,16,9,8,21,,4,7,7,11,15,25,29,19,15,20,17,16,25,16,8,11,26,,44,12,21,,84,84,152,92,91,115,68,12,3,43,28,9,17,20,75,41,12,100,19,19,13,15,17,11,10,16,14,25,8,14,5,38,17,14,11,16,16,21,17,9,15,23,13,14,14,20,25,11,9,12,9,6,10,40,56,22,14,23,29,8,29,54,31,27,37,12,20,10,20,19,16,11,11,15,7,7,6,10,28,10,27,18,17,20,16,11,8,6,10,11,20,15,22,11,8,8,22,23,15,22,40,16,24,12,18,5,11,14,36,32,21,24,15,12,22,8,18,11,32,10,4,4,25,23,11,12,9,3,9,15,7,6,13,31,49,5,21,39,23,10,100,66,48,17,23,13,81,46,,48,17,34,17,26,19,28,33,18,86,45,11,17,12,18,9,32,3,18,77,19,4,21,10,17,
20161120,13,NO2,51,26,30,55,23,59,34,17,34,25,17,32,41,81,32,23,16,16,25,32,44,63,20,17,36,12,41,45,29,26,15,18,23,56,58,58,42,33,39,17,10,51,41,39,45,43,23,36,49,18,91,40,40,44,18,26,48,16,35,24,11,72,41,7,60,84,16,26,33,69,119,60,61,38,33,42,34,36,49,11,24,21,22,41,41,29,36,28,23,11,12,37,38,10,8,14,26,15,5,7,19,15,26,10,38,14,18,43,29,37,19,47,59,76,29,25,19,30,20,10,22,17,14,48,34,41,91,71,65,70,54,49,52,43,18,21,17,23,5,18,6,42,53,56,36,72,56,44,33,8,60,62,32,57,48,11,14,43,11,17,28,14,8,10,28,11,12,12,12,,5,11,7,41,39,41,35,26,36,42,34,25,29,11,20,53,41,,30,59,52,,21,40,51,66,55,47,45,13,8,20,15,8,10,14,36,17,19,20,10,5,7,16,8,9,5,9,13,15,7,16,38,18,22,12,34,29,32,47,36,46,35,25,20,41,29,44,36,20,29,19,27,20,13,22,40,28,27,20,37,27,42,86,81,58,66,51,32,29,67,42,36,36,33,33,6,17,18,28,19,24,18,25,20,17,12,23,21,14,14,9,20,37,9,15,16,2,20,46,37,41,63,49,35,56,30,33,25,4,24,30,16,6,11,30,13,31,4,17,13,11,9,13,16,7,12,12,12,23,11,23,22,6,7,2,39,16,29,26,28,36,37,61,38,13,76,11,29,15,,88,7,64,14,9,9,9,7,8,42,29,13,36,31,28,16,59,21,27,20,18,24,40,16,5,
20161120,13,NO2_24h,57,40,80,46,30,92,73,19,41,35,38,60,74,67,46,31,32,35,52,70,41,73,38,34,42,14,54,47,37,43,30,31,38,75,72,84,49,56,64,27,19,56,65,41,44,50,50,44,66,37,83,40,37,79,34,50,60,53,50,41,31,72,34,12,56,72,44,42,48,64,75,68,63,46,34,41,49,35,26,22,22,36,44,42,44,44,40,43,32,20,28,67,44,36,10,20,25,28,7,12,40,14,26,15,56,31,43,44,28,68,33,67,55,65,26,29,18,23,27,19,30,25,29,58,43,45,76,90,72,85,53,50,42,49,24,24,17,32,10,29,12,55,44,55,38,65,46,39,43,34,63,52,57,47,55,28,35,41,17,21,30,41,24,21,34,15,22,14,21,,11,16,14,56,52,54,46,37,43,48,60,25,39,24,39,62,44,,35,42,50,,67,42,48,64,43,33,42,21,11,34,21,15,13,16,29,24,24,29,22,13,14,16,19,22,11,24,20,21,26,30,36,36,25,16,41,30,44,53,40,38,40,35,38,41,37,53,56,29,30,23,28,37,23,34,55,29,26,25,39,24,50,80,105,83,67,45,40,47,58,46,40,43,37,36,9,26,35,27,25,34,24,27,38,24,14,20,20,21,17,23,24,31,25,20,27,11,22,44,35,39,45,51,30,47,32,37,35,19,60,33,39,13,17,31,37,32,23,14,32,13,18,17,30,12,23,18,16,25,17,20,44,21,29,28,36,15,40,54,39,35,48,55,54,25,74,27,40,43,,65,27,63,13,15,20,18,27,15,47,33,28,50,43,36,22,51,30,45,34,26,16,34,12,11,
20161120,13,O3,2,48,24,15,43,4,34,67,43,24,63,46,14,18,54,52,71,60,55,62,19,31,50,78,27,15,39,22,25,62,65,75,52,11,25,39,22,21,32,68,71,28,36,24,16,25,43,21,31,71,10,22,28,92,92,75,100,62,75,97,87,82,22,52,6,15,98,77,64,9,78,48,37,28,32,11,44,56,25,56,50,53,42,19,47,8,54,49,44,68,67,32,49,74,66,69,32,73,98,52,54,109,31,72,44,83,73,69,77,15,53,69,20,25,23,45,63,37,49,74,47,70,59,59,27,19,31,7,5,33,15,49,35,69,60,88,51,33,97,36,42,37,47,46,53,89,30,52,19,103,16,28,65,19,18,65,107,42,51,62,57,60,65,89,69,75,73,67,64,,73,74,73,33,27,23,27,44,27,25,49,20,42,51,32,29,16,,38,15,8,,80,50,41,26,22,20,51,56,61,61,58,62,57,96,35,56,57,40,70,91,76,62,69,69,65,75,55,50,63,63,81,74,74,44,36,20,34,26,50,44,62,15,30,31,21,40,87,42,24,42,50,38,14,2,13,15,24,37,25,14,32,13,22,5,8,13,75,11,15,12,62,45,29,50,83,49,43,60,7,15,34,56,25,38,46,51,31,31,43,65,27,22,108,25,69,35,45,51,86,74,22,42,20,27,70,9,79,65,57,77,75,86,44,67,64,31,67,106,114,91,66,81,72,96,89,61,88,56,60,77,56,60,63,51,56,70,62,60,68,36,70,52,77,81,44,84,75,65,,91,83,47,96,18,83,106,89,79,42,29,64,43,63,29,52,30,49,39,52,51,113,27,54,48,
20161120,13,O3_24h,67,64,46,43,49,9,36,78,79,64,76,50,22,50,78,53,72,64,59,69,45,51,57,78,28,24,65,39,52,79,65,75,56,57,224,154,144,56,77,137,143,88,79,106,24,80,107,74,31,71,57,61,29,123,95,89,105,77,81,100,103,125,104,53,34,75,109,94,86,39,106,60,63,32,33,41,84,93,63,56,64,71,136,21,47,99,54,49,45,71,67,32,65,95,66,71,94,126,138,57,68,112,74,90,117,145,149,109,96,17,84,73,54,89,62,48,68,44,62,74,52,70,68,75,27,30,87,14,32,49,67,69,35,69,61,88,52,58,106,41,42,56,108,94,101,145,41,81,80,130,57,69,68,83,64,101,109,76,68,68,57,60,65,89,69,75,73,67,64,,73,74,73,77,47,32,41,63,51,43,65,43,43,59,44,70,114,,53,104,73,,80,106,84,60,77,34,87,64,61,77,96,73,57,105,59,56,61,57,71,91,80,67,80,71,65,76,62,50,64,67,96,98,74,44,51,40,167,42,76,86,76,43,45,49,54,50,92,126,57,103,67,47,79,85,38,94,64,105,43,101,81,16,25,15,54,84,75,41,108,20,81,47,49,50,83,63,49,95,39,38,72,58,41,77,58,71,40,103,60,66,55,64,159,81,90,51,80,94,135,106,112,100,51,51,73,39,113,78,63,119,93,99,46,102,81,61,74,113,124,93,77,93,89,101,89,84,93,85,82,77,82,82,83,51,94,81,62,98,69,87,87,93,77,89,82,86,89,83,,112,127,83,112,32,90,111,101,87,60,48,69,77,127,37,67,84,95,143,97,54,130,69,67,48,
20161120,13,O3_8h,4,31,12,12,41,3,26,63,29,18,42,32,10,7,23,30,38,48,39,43,30,24,46,70,13,18,23,24,35,60,45,59,44,12,20,18,20,22,21,47,64,45,20,12,15,26,32,17,12,41,10,21,16,26,58,40,31,28,34,43,45,21,11,34,6,7,34,29,32,6,27,16,19,21,20,10,25,30,27,40,42,34,22,16,37,13,36,25,28,57,40,14,35,42,61,54,33,59,85,44,33,69,17,61,18,38,33,24,29,9,27,23,12,14,18,29,45,30,33,64,32,45,41,58,18,19,17,8,4,14,14,25,18,40,46,65,33,15,83,17,21,11,14,14,15,61,8,28,8,50,7,20,20,8,7,53,94,32,48,61,35,18,39,71,38,61,54,55,44,,65,66,59,18,22,21,33,34,37,32,19,23,29,49,26,35,26,,18,10,7,,22,22,16,13,10,7,24,40,54,50,53,58,52,90,23,31,33,18,52,78,55,53,58,60,57,58,43,34,30,54,67,70,45,30,32,14,73,25,31,33,68,8,22,28,18,34,63,40,23,38,41,19,11,2,8,14,20,26,21,11,18,11,11,6,6,11,46,5,8,12,49,29,26,30,48,45,33,32,7,18,26,35,14,32,34,45,29,25,30,39,23,12,36,20,39,19,17,15,48,24,11,10,9,25,67,7,22,31,43,39,46,65,36,50,24,23,22,55,47,67,23,38,24,51,35,25,50,19,32,46,34,35,19,22,41,48,15,20,33,18,33,26,25,57,18,74,48,22,,56,75,16,67,19,47,52,43,67,15,12,41,24,41,19,31,33,36,38,30,50,110,9,54,42,
20161120,13,O3_8h_24h,8,38,12,34,42,4,26,67,29,19,42,32,11,7,23,42,45,48,40,50,32,30,46,70,13,19,23,28,37,62,45,63,44,20,33,18,35,23,33,54,68,81,20,12,16,45,32,19,12,42,10,59,17,26,69,49,31,29,34,43,45,21,12,40,6,7,34,30,32,6,27,28,22,23,21,10,25,43,53,44,42,34,23,16,37,13,36,25,28,62,40,14,40,43,63,55,46,59,124,49,33,70,17,67,18,38,49,34,29,9,29,31,12,16,19,38,62,40,37,64,39,56,48,61,18,20,17,11,5,14,27,25,18,40,46,65,40,15,83,18,21,11,17,14,15,61,11,30,14,50,7,23,20,9,7,70,94,32,50,62,36,18,40,71,38,61,56,55,45,,66,67,59,19,24,23,33,36,37,32,19,31,29,49,31,44,95,,18,37,7,,22,22,16,14,11,7,24,52,57,50,56,59,54,99,25,46,37,18,52,78,77,65,64,60,57,58,46,34,40,54,70,83,45,30,33,22,80,33,42,37,71,15,22,45,18,46,64,41,53,62,41,34,13,2,8,27,40,33,21,40,18,11,11,6,11,17,53,5,8,13,57,30,46,40,57,59,34,56,7,24,40,35,14,32,34,57,32,30,32,39,35,12,36,20,40,20,22,15,48,24,26,10,9,32,69,12,26,31,44,60,52,65,36,50,24,23,22,55,51,79,23,38,24,54,40,25,57,19,32,46,34,47,19,22,53,54,15,20,33,26,33,26,25,57,18,74,58,22,,56,78,16,74,29,67,52,43,67,15,12,43,24,41,28,54,43,49,38,35,50,112,17,63,42,
20161120,13,CO,1.66,1.02,0.73,2.18,0.42,1.77,0.43,0.47,0.50,1.33,0.57,1.05,1.02,2.44,1.02,0.60,0.63,0.96,0.75,1.06,1.29,1.40,0.95,0.60,1.22,1.40,1.06,1.13,1.30,1.40,0.64,0.33,0.75,1.33,1.17,0.88,1.50,1.20,1.15,0.70,1.00,1.00,1.43,0.95,1.68,0.74,0.50,1.60,1.33,0.30,2.92,1.78,1.26,0.84,0.69,0.60,0.80,0.63,0.73,0.94,0.72,1.10,0.91,0.50,1.84,1.63,0.50,0.90,0.80,2.18,2.58,2.30,3.55,1.18,1.17,1.25,1.66,0.92,1.35,0.97,0.57,1.22,0.63,0.82,1.50,2.00,1.13,1.04,0.68,0.36,0.63,0.70,1.13,0.40,0.37,0.77,0.84,0.90,0.63,0.70,0.75,1.13,0.85,1.20,1.00,0.90,0.95,0.90,1.43,1.73,1.40,1.70,3.13,2.88,1.75,0.63,0.58,0.60,0.74,0.70,0.75,0.40,0.84,1.97,1.20,1.37,4.40,3.50,3.05,3.20,2.17,2.53,1.56,1.45,1.30,1.60,1.67,1.13,0.43,0.83,0.55,0.83,1.44,2.78,0.53,1.50,1.38,1.14,0.85,0.50,1.45,1.87,1.20,1.60,1.43,1.10,0.60,1.40,1.52,1.17,0.70,0.65,0.40,0.20,0.30,0.50,0.25,0.45,0.50,,0.45,0.25,0.15,1.07,1.15,1.10,0.80,1.10,1.05,0.93,1.25,1.65,1.40,0.85,1.25,1.30,1.45,,0.80,1.75,3.50,,1.20,1.20,2.30,2.80,2.20,1.50,2.00,0.50,,0.30,0.30,0.47,0.40,0.70,0.98,0.60,0.20,0.67,0.60,0.20,1.45,0.45,0.85,0.50,0.97,0.70,0.43,0.57,0.25,0.50,0.50,0.45,1.15,0.30,1.48,1.17,1.27,1.55,1.23,1.43,1.10,1.15,0.80,1.15,1.60,1.40,1.30,0.78,1.23,0.60,0.67,0.60,0.92,2.27,1.03,1.02,1.05,0.55,1.07,1.45,1.15,5.23,2.58,3.13,3.07,2.33,1.84,1.50,2.40,1.94,1.97,2.20,1.40,1.30,1.10,1.20,1.37,1.87,1.50,1.36,1.05,0.97,1.70,0.60,1.13,1.43,0.95,0.93,0.83,0.97,0.73,1.05,0.45,0.70,0.85,0.60,0.75,1.53,0.90,1.02,1.47,0.70,1.63,2.23,0.67,1.25,0.85,0.25,0.55,1.05,0.33,0.45,1.00,0.40,0.90,0.70,0.40,1.00,0.80,0.25,0.25,0.65,0.80,0.17,0.45,0.55,0.40,0.80,0.60,0.95,1.05,0.50,0.45,1.00,0.95,0.20,1.23,0.97,1.45,1.00,1.05,1.30,1.00,0.50,1.60,0.30,0.85,0.70,,1.80,,2.00,0.80,0.30,0.60,0.70,0.20,0.30,1.30,0.90,0.50,1.30,1.00,1.10,1.90,1.50,1.00,1.23,1.40,0.87,1.60,2.00,1.65,,
20161120,13,CO_24h,1.40,1.36,2.63,1.75,0.48,3.18,1.97,0.50,0.72,1.40,1.10,2.00,2.40,2.01,1.17,0.52,0.88,1.08,0.98,1.36,1.47,1.53,1.22,1.20,1.52,1.30,1.50,1.47,1.47,1.50,1.28,1.00,1.35,1.43,1.11,1.02,1.60,1.30,1.35,0.67,1.07,1.05,1.60,0.90,1.56,0.88,0.70,1.80,2.00,0.70,2.90,1.41,1.20,1.16,0.78,0.68,0.97,0.73,0.87,1.08,0.90,1.20,0.81,0.53,1.57,2.00,0.92,1.06,1.03,2.02,1.85,2.35,1.65,1.20,1.07,1.17,1.84,0.84,0.63,1.23,0.67,1.13,0.93,1.20,1.37,2.70,1.27,1.58,1.04,0.48,1.03,2.00,1.50,1.03,0.47,1.07,0.98,1.05,0.63,0.73,1.15,1.00,0.90,1.20,1.30,1.40,1.40,1.00,1.77,3.00,1.42,2.98,3.67,1.97,1.57,0.80,0.57,0.67,0.94,0.76,1.15,0.58,0.96,2.00,1.55,1.49,3.58,5.80,2.95,4.33,2.10,1.50,1.48,1.40,1.30,1.60,1.57,1.07,0.53,0.98,0.60,1.20,1.50,1.76,0.80,1.83,1.40,1.16,0.95,0.90,1.35,1.57,2.07,1.27,1.47,1.10,0.80,1.07,1.46,1.23,1.05,1.70,0.55,0.70,0.65,0.60,0.50,0.60,0.70,,0.60,0.45,0.35,1.33,1.20,1.45,1.60,1.35,1.35,1.47,1.65,1.85,1.85,1.15,1.40,1.20,1.30,,1.00,1.25,2.88,,2.76,1.12,1.80,2.58,1.85,1.10,1.53,0.70,,0.45,0.75,0.63,0.35,0.70,0.84,0.63,0.30,0.93,0.70,0.20,1.30,0.60,0.80,0.65,1.27,1.00,0.73,0.67,0.50,0.55,0.50,0.85,0.85,0.70,1.23,1.32,1.57,1.37,1.07,1.30,1.15,1.15,1.40,1.07,1.85,1.40,1.57,0.93,1.27,0.80,0.70,0.90,1.05,2.35,1.37,0.85,1.05,0.70,1.35,1.28,1.15,4.83,4.17,3.17,2.83,1.70,1.88,1.80,1.73,1.74,1.73,1.95,1.53,1.17,1.45,1.30,1.43,1.80,1.55,1.58,1.25,1.00,1.28,0.70,1.30,1.63,1.30,0.82,0.73,0.97,0.83,0.95,0.65,0.80,0.90,0.85,0.75,1.33,0.80,1.10,1.33,0.73,1.73,1.90,0.83,1.20,1.13,0.50,0.75,0.95,0.67,0.57,1.05,0.80,1.30,0.70,0.60,1.05,1.05,0.30,0.30,0.65,1.05,0.30,0.65,0.75,0.40,0.80,0.75,1.00,1.50,0.60,0.90,1.20,1.00,0.30,1.77,2.43,1.60,0.70,1.15,1.35,1.30,0.55,1.55,0.60,0.95,1.10,,1.90,0.70,2.10,0.80,0.40,0.60,1.00,0.50,0.60,1.60,1.30,0.55,1.75,1.45,1.00,2.10,1.30,1.10,1.80,1.45,1.20,0.80,1.50,1.60,0.20,
20161120,14,AQI,93,50,119,72,34,120,59,51,32,56,44,79,121,190,66,30,24,33,40,37,55,54,22,44,77,55,60,51,44,51,52,51,41,48,53,73,44,58,52,73,27,45,121,71,100,34,30,41,81,54,271,76,114,61,44,38,74,39,54,51,50,121,41,37,126,91,51,49,106,206,199,121,145,66,99,109,75,88,90,38,47,29,20,60,100,126,72,63,67,37,60,45,69,53,39,62,16,39,41,42,32,57,30,44,53,47,54,55,29,145,62,181,184,239,156,36,42,35,47,41,54,44,32,150,70,46,325,281,212,230,203,246,213,177,93,95,96,40,33,41,20,91,131,65,136,221,186,98,99,35,166,109,84,134,132,65,42,182,44,98,58,59,52,49,52,38,53,40,59,,32,38,40,63,51,54,60,55,44,64,60,60,69,36,44,30,44,,55,197,292,,66,105,149,206,125,123,96,30,26,52,54,19,25,113,61,33,19,56,31,29,24,27,23,32,20,29,43,46,29,33,56,34,120,19,70,84,83,119,51,44,49,161,81,39,90,200,40,23,27,26,17,21,58,57,59,60,36,38,84,70,133,295,233,166,194,251,119,106,268,103,179,156,89,173,61,58,110,94,90,68,55,108,17,37,59,54,63,40,42,39,26,55,60,17,44,11,56,127,111,96,113,84,99,110,73,63,113,23,30,52,60,28,39,65,38,54,40,54,71,29,51,28,24,39,28,32,27,64,27,105,44,37,39,78,62,25,91,87,121,108,126,131,107,57,136,54,105,60,,85,67,140,52,58,56,144,30,40,96,112,78,86,53,51,63,123,412,450,305,44,60,129,52,16,
20161120,14,PM2.5,69,33,90,45,19,91,40,10,16,40,23,56,92,143,22,21,12,23,28,26,39,33,12,12,47,39,43,29,25,36,14,11,19,31,36,53,31,41,34,53,19,29,92,52,75,19,21,23,60,16,221,56,86,44,26,23,54,26,38,36,27,92,29,15,96,62,30,23,45,156,109,89,111,48,74,82,39,40,67,12,22,16,3,39,75,96,41,45,35,13,21,29,50,10,17,24,11,27,26,27,21,36,21,28,37,33,38,39,16,111,26,137,139,189,119,19,26,21,33,19,38,22,22,115,51,32,275,231,162,180,153,196,163,134,69,71,72,28,20,27,9,61,100,37,104,171,140,73,74,10,126,65,43,98,97,11,13,65,31,32,28,25,13,14,17,14,16,15,16,,6,8,14,36,32,34,19,24,31,46,43,41,50,23,22,20,31,,39,148,242,,48,79,114,156,86,93,57,19,18,7,8,10,11,41,36,19,12,31,22,14,14,19,13,17,6,19,22,32,19,20,30,22,91,13,51,62,61,90,36,27,34,123,60,27,67,150,28,11,11,11,10,15,41,37,42,43,20,23,62,51,101,245,183,126,146,201,90,66,218,77,135,119,66,131,44,41,83,70,67,49,39,81,6,21,35,31,41,19,16,18,17,32,43,10,29,6,40,59,84,72,85,58,53,83,44,45,66,9,21,33,34,10,11,47,17,38,27,19,52,11,20,8,6,12,8,17,13,46,18,79,31,8,25,57,24,13,66,33,92,81,73,65,76,10,54,16,59,19,,63,22,83,16,34,11,26,4,15,61,47,26,60,37,24,26,93,122,157,145,31,38,98,15,11,
20161120,14,PM2.5_24h,93,56,197,53,26,152,133,20,25,49,56,96,145,91,32,25,28,37,55,84,47,56,60,54,73,68,72,62,50,69,59,49,70,91,75,76,69,71,73,51,48,77,116,51,46,31,53,50,105,44,215,65,47,51,28,24,53,29,40,39,35,74,28,13,87,105,44,33,62,122,83,80,65,44,46,48,47,19,37,29,20,35,49,69,77,144,40,74,64,21,43,70,85,76,18,28,35,50,33,34,46,40,36,34,50,75,84,45,20,182,37,114,151,88,65,36,24,34,38,28,55,36,40,95,48,58,206,245,189,231,172,99,79,78,55,53,50,51,26,29,10,81,93,44,117,168,129,71,74,22,120,67,50,75,115,39,25,45,24,27,46,116,32,36,42,21,26,18,26,,19,16,14,66,73,71,63,74,42,103,66,65,64,58,84,100,66,,34,113,149,,126,66,65,106,51,95,44,32,18,22,17,25,11,22,37,33,29,47,30,22,27,36,31,36,32,33,39,29,22,29,31,39,52,13,74,70,90,52,44,32,56,100,103,36,100,65,71,38,18,21,19,26,61,58,77,52,32,50,76,55,72,215,227,187,156,169,115,107,160,65,91,132,64,92,59,43,71,73,55,49,51,44,16,50,39,29,48,46,19,32,25,28,65,36,43,18,35,41,66,88,81,82,44,68,57,41,49,22,32,32,57,22,23,85,25,39,43,16,67,11,28,13,23,28,32,27,13,27,18,39,51,20,65,60,26,14,84,68,75,61,66,59,81,40,42,29,56,62,,52,56,93,19,45,24,31,18,19,70,47,32,49,34,28,19,78,76,131,79,38,23,36,15,16,
20161120,14,PM10,96,50,130,94,34,187,67,51,32,62,44,107,118,258,82,29,22,25,35,31,59,58,22,44,104,52,66,51,44,52,53,51,41,48,56,83,38,59,54,78,25,45,118,61,77,34,24,41,105,58,256,87,112,69,44,38,80,39,50,49,50,112,40,37,146,132,52,49,162,268,347,191,205,33,116,150,99,125,86,38,47,29,20,70,127,171,93,71,84,37,70,45,81,55,39,73,11,37,41,42,32,63,27,44,56,36,36,48,27,145,74,206,228,257,192,36,42,35,33,41,52,44,32,183,88,33,383,341,178,240,201,249,197,186,96,110,91,37,33,41,20,132,145,80,154,214,318,119,141,28,233,168,118,218,213,79,42,313,29,145,66,68,54,49,54,38,56,40,68,,32,38,40,76,51,58,69,59,35,68,53,70,66,36,44,30,37,,45,252,366,,77,127,188,247,200,185,142,30,23,53,58,7,25,175,71,33,19,62,29,16,24,27,23,32,17,29,43,41,29,33,61,34,115,,83,107,67,119,43,44,30,148,71,38,74,,40,23,27,26,17,19,64,64,67,52,36,38,77,77,150,383,251,162,175,307,153,161,341,127,170,138,93,156,66,58,101,98,94,66,57,122,12,37,67,57,75,40,42,39,26,59,54,17,44,9,53,203,105,129,141,117,147,145,96,75,176,14,30,53,69,16,39,60,38,56,40,58,59,18,52,26,18,39,23,32,27,71,27,108,40,37,39,62,73,25,131,124,126,153,202,211,164,64,222,57,160,69,,116,83,229,53,65,61,237,16,40,141,174,106,121,56,51,75,192,512,550,424,28,69,114,53,14,
20161120,14,PM10_24h,158,66,286,86,43,304,188,93,65,74,80,165,228,180,93,33,41,48,67,131,79,113,130,84,113,86,121,107,82,97,104,88,80,131,121,124,94,115,120,90,75,132,148,76,61,82,95,87,155,86,253,83,67,87,43,37,84,47,69,63,68,108,48,32,130,184,93,92,178,247,280,274,145,51,74,84,120,62,48,55,32,48,73,86,117,238,71,106,104,44,77,92,106,108,41,64,70,81,50,57,83,64,61,56,68,102,126,79,44,235,105,181,239,190,103,51,35,46,50,75,69,56,55,148,70,94,327,380,224,344,229,194,111,120,74,88,77,68,46,40,27,143,137,96,192,220,214,103,128,65,239,159,131,198,226,127,74,136,37,66,70,173,63,65,60,46,56,39,52,,33,40,38,137,119,114,136,133,70,145,94,110,94,88,166,146,89,,59,170,236,,176,124,139,211,129,232,101,46,23,49,48,34,29,87,60,46,38,79,57,26,41,45,41,49,33,45,62,46,40,35,66,43,61,28,102,105,101,73,63,63,79,137,94,54,121,88,90,62,41,47,35,50,107,104,129,78,54,81,121,77,123,330,344,235,207,244,181,192,240,106,123,139,92,123,88,59,102,106,78,69,71,73,31,72,71,46,96,71,35,53,38,47,102,60,63,25,55,179,90,126,123,117,134,120,98,67,117,50,50,53,103,33,62,106,72,62,73,39,102,23,49,32,40,50,57,48,28,55,34,50,99,47,90,58,59,38,180,181,113,199,188,171,190,92,155,87,153,153,,130,139,359,65,100,70,97,42,55,144,104,100,119,59,61,36,220,340,361,242,42,47,43,39,28,
20161120,14,SO2,4,10,22,64,14,45,22,13,8,7,15,36,22,189,24,43,13,24,30,12,10,13,15,9,19,9,14,13,11,9,8,10,8,10,9,24,19,9,7,11,7,18,14,12,9,5,6,13,27,17,30,12,13,17,7,11,16,11,15,12,7,30,10,5,22,19,13,17,7,42,60,68,184,23,19,32,28,32,54,17,34,66,9,25,41,24,37,28,21,7,13,19,40,10,5,34,7,7,9,7,13,10,5,7,13,13,15,16,16,30,33,64,190,78,139,40,22,28,24,15,66,15,16,13,8,19,49,33,26,51,30,33,50,21,11,11,13,9,9,9,1,12,31,89,35,30,28,6,16,8,47,44,38,30,52,20,6,188,13,7,20,15,5,6,15,15,7,7,7,,4,4,6,7,11,19,20,12,13,12,10,12,23,8,6,6,20,,12,10,19,,33,78,210,114,176,90,174,10,4,15,29,7,13,38,108,39,18,65,11,5,7,5,9,4,5,10,14,20,7,11,13,34,19,13,11,15,14,60,12,10,30,17,8,11,14,21,22,9,7,9,6,7,4,30,24,21,13,15,27,7,22,40,31,10,22,10,22,8,19,30,21,12,12,23,9,11,6,7,41,10,22,18,16,6,9,11,7,6,11,12,20,14,9,12,7,8,14,41,25,30,38,23,35,14,18,5,13,11,32,57,18,12,14,14,12,11,6,12,14,8,3,1,14,12,8,9,9,2,9,37,6,6,11,31,34,6,14,12,19,108,29,81,28,10,35,5,76,12,,57,12,30,22,14,25,14,5,20,105,45,7,18,6,22,16,21,3,15,30,69,13,171,13,11,
20161120,14,SO2_24h,6,13,42,45,16,65,40,12,12,6,18,33,35,128,37,47,29,39,44,18,11,18,20,18,15,13,20,17,14,14,10,13,12,15,14,24,22,14,12,14,9,18,23,11,11,7,16,17,24,21,29,9,14,20,8,13,18,17,18,15,9,21,11,4,19,22,16,21,9,29,35,39,114,23,20,18,35,19,21,20,27,88,12,13,27,26,19,34,19,15,19,25,35,23,7,26,10,16,8,9,13,12,8,12,11,21,27,14,27,35,62,93,228,68,80,44,15,23,59,18,43,21,20,15,12,22,43,55,36,36,30,24,21,19,11,9,12,9,10,8,2,14,26,49,28,22,20,12,14,15,29,30,56,23,32,46,12,129,8,6,19,24,10,13,19,16,8,8,20,,4,7,7,11,14,25,28,19,15,19,16,15,25,14,8,11,25,,44,12,21,,83,87,159,95,97,115,75,12,3,44,28,9,17,20,79,43,12,102,20,18,13,15,16,11,9,16,14,25,8,13,6,39,17,14,11,16,16,23,16,9,16,23,13,14,14,20,25,10,9,12,8,6,10,36,51,21,14,22,28,8,29,53,32,27,35,12,20,9,19,19,17,11,11,15,7,7,6,10,28,10,26,18,17,14,15,11,7,6,10,11,19,13,21,11,8,8,22,24,16,22,41,17,25,12,18,5,12,14,36,32,21,24,15,12,22,8,18,11,32,10,4,4,25,23,11,12,9,2,9,15,7,6,13,32,50,5,20,39,23,14,93,68,48,16,24,12,83,46,,49,17,34,18,26,19,28,34,18,87,61,11,18,12,19,9,32,3,18,76,21,4,27,10,17,
20161120,14,NO2,51,30,30,56,23,60,32,23,25,30,21,39,47,71,26,25,14,20,25,39,43,69,19,15,37,13,45,45,27,24,15,18,22,58,61,66,38,37,43,16,12,50,43,30,44,39,23,39,53,19,90,47,34,43,18,25,48,19,27,21,14,75,40,6,68,70,16,25,25,73,120,57,58,34,30,45,27,34,55,13,26,22,22,43,49,28,42,28,26,11,13,36,40,11,8,18,26,15,5,9,24,8,16,6,55,14,17,33,14,31,22,40,68,74,31,25,21,31,19,13,18,13,15,53,37,44,89,72,63,73,54,53,53,41,22,18,14,22,5,17,5,41,39,46,26,52,34,41,24,8,58,62,32,57,46,9,10,45,12,19,25,11,9,10,24,13,13,13,12,,5,12,8,47,40,39,31,22,39,42,41,28,32,10,22,56,40,,30,57,49,,28,41,55,67,62,47,49,12,8,17,13,8,9,18,30,20,18,19,11,5,9,6,8,9,5,13,17,15,9,17,53,35,22,16,35,26,34,61,36,42,33,26,24,45,23,53,37,22,27,25,29,27,11,21,39,29,23,27,36,29,41,76,83,52,69,54,32,26,71,44,35,37,35,39,5,20,17,30,18,24,17,23,22,13,11,18,23,12,8,9,20,31,6,15,10,2,18,49,49,37,53,49,27,60,25,33,19,7,21,26,17,6,12,27,11,14,3,13,14,9,7,6,7,6,10,10,11,10,14,16,16,5,4,2,19,11,21,23,42,38,33,64,40,9,70,10,33,14,,52,9,46,9,9,11,6,6,9,35,24,12,35,25,26,2,39,18,23,20,20,15,48,14,6,
20161120,14,NO2_24h,59,40,76,46,30,90,70,20,41,36,37,59,73,68,46,30,31,35,52,67,41,72,35,32,42,14,55,47,35,41,29,30,36,73,71,85,47,53,62,26,19,55,65,41,44,49,49,44,65,35,85,41,37,78,33,49,61,52,49,41,31,72,34,12,57,72,44,42,48,64,79,68,63,45,34,41,50,36,28,21,23,36,42,42,43,42,38,42,31,19,27,66,43,33,9,18,25,28,6,12,40,14,26,15,56,30,43,44,28,67,33,67,57,67,27,30,18,24,27,19,31,25,29,58,43,45,79,89,73,86,53,51,43,50,24,24,17,32,10,28,12,55,44,54,38,67,46,40,43,34,64,53,57,48,56,27,34,42,17,21,30,40,23,20,33,15,21,14,20,,10,16,13,56,51,52,44,36,43,47,59,25,38,21,38,62,44,,35,43,52,,66,44,50,65,45,33,44,21,11,34,21,15,13,16,30,25,24,30,22,13,13,15,19,22,10,24,20,22,26,30,35,36,25,16,41,30,44,54,40,39,40,35,37,41,36,54,55,29,30,24,29,37,23,33,55,29,26,25,38,24,51,79,104,82,67,46,40,47,59,45,40,43,37,36,9,25,35,27,25,33,23,27,36,18,14,20,20,20,17,22,23,32,24,19,27,11,22,46,37,39,46,52,30,48,32,37,35,19,61,33,39,13,16,32,37,32,23,14,32,14,18,17,30,12,23,19,16,24,17,20,44,19,29,28,36,15,39,54,40,36,48,56,54,24,75,27,40,43,,67,27,64,13,15,20,18,27,15,48,28,28,51,42,35,22,52,30,44,34,25,16,35,12,10,
20161120,14,O3,5,41,32,14,43,6,37,62,51,22,63,42,17,33,52,51,78,58,57,55,18,25,53,83,30,15,33,20,28,65,70,76,56,9,24,37,28,21,30,66,70,31,35,36,18,35,45,21,29,72,9,20,31,139,90,82,105,64,77,117,86,99,31,50,7,43,103,85,65,12,91,57,47,37,37,15,52,61,19,55,47,52,53,22,37,6,54,49,43,72,70,36,47,75,67,71,31,75,87,40,48,97,34,92,21,90,75,95,93,30,54,77,21,29,23,44,63,37,50,73,47,69,62,54,25,21,39,7,5,34,17,51,38,81,60,100,62,45,96,45,40,54,77,62,81,119,60,68,38,113,23,30,71,27,22,67,112,46,53,62,63,60,66,92,75,75,77,68,66,,73,75,73,27,26,24,36,53,22,21,43,12,39,58,28,31,19,,40,17,8,,80,55,48,34,18,40,53,59,61,65,64,62,59,88,38,52,59,42,70,93,74,71,69,67,64,74,51,44,62,67,73,64,74,41,39,18,36,24,59,53,67,14,22,32,31,40,80,41,24,32,44,32,19,2,15,18,26,25,30,14,35,11,17,5,6,14,71,18,13,14,66,47,30,48,85,50,47,60,9,15,39,57,23,44,49,61,33,36,41,68,31,33,107,29,80,36,59,58,92,85,46,69,39,26,70,12,101,72,54,93,83,89,41,82,68,47,74,118,123,93,73,91,76,91,90,73,85,75,72,71,70,68,71,49,86,80,83,71,52,47,78,62,79,89,53,86,74,73,,107,88,67,103,24,89,107,95,84,51,56,67,46,65,33,54,51,54,50,57,51,120,31,70,48,
20161120,14,O3_24h,66,54,47,43,49,9,37,76,78,64,72,50,22,47,78,54,78,63,58,69,45,50,57,83,30,24,63,39,52,79,70,76,57,54,181,152,144,56,77,122,139,88,73,106,24,80,103,74,36,73,56,61,32,140,94,93,113,77,83,117,96,127,104,52,33,78,108,94,86,39,113,57,63,37,37,39,81,92,63,56,63,70,86,22,47,99,54,51,45,73,70,36,65,95,67,73,94,118,138,57,68,109,61,93,117,133,145,109,96,30,80,81,54,89,55,48,68,44,60,74,52,71,68,75,27,29,87,14,30,45,67,68,39,81,63,100,62,58,106,46,42,58,107,94,101,145,60,82,80,130,57,63,72,83,64,99,112,76,68,68,63,61,66,92,75,76,77,68,66,,73,75,73,77,47,32,41,56,51,43,65,43,43,60,44,70,105,,53,104,72,,81,105,81,60,77,40,86,63,61,77,94,73,59,105,58,57,62,55,70,93,80,71,80,71,66,76,60,51,63,67,96,97,74,44,48,34,167,42,71,86,76,34,42,47,54,50,92,110,57,102,65,47,76,85,37,94,56,97,43,101,81,16,23,11,54,83,75,40,108,21,81,50,49,52,85,63,49,95,39,38,72,58,41,85,57,71,40,100,57,69,55,61,159,70,84,51,70,94,135,106,112,100,51,51,75,39,113,78,62,119,93,99,46,102,81,61,74,118,124,95,77,93,79,101,90,84,93,85,82,77,82,82,83,51,94,81,83,98,69,79,87,93,79,89,80,86,89,83,,112,90,83,112,32,90,111,101,87,60,65,69,77,131,37,67,84,95,143,97,55,130,69,71,48,
20161120,14,O3_8h,3,34,16,13,41,3,28,62,35,19,47,35,11,11,29,35,45,50,43,45,29,24,48,71,16,17,26,24,33,60,49,61,47,12,21,23,22,20,21,50,64,39,23,15,16,25,35,19,15,47,10,19,18,43,65,47,44,35,42,56,53,33,14,36,6,11,46,39,37,7,42,22,23,23,22,10,28,33,26,42,44,38,28,17,37,14,39,30,32,60,44,17,37,48,62,56,32,61,84,44,36,75,21,65,20,47,41,34,39,11,31,31,14,17,19,33,49,31,37,65,34,50,44,57,18,19,21,8,5,18,14,31,22,45,49,73,37,20,86,22,24,17,22,21,25,66,16,34,12,61,9,21,28,11,9,55,96,34,48,60,39,24,44,76,45,63,58,58,47,,67,67,63,19,23,23,34,38,37,31,22,22,30,52,27,35,22,,22,12,7,,31,28,21,17,11,12,29,43,55,51,55,58,52,88,26,36,40,23,55,80,56,55,60,61,59,61,45,37,35,56,68,67,50,32,34,15,71,26,35,35,68,9,22,28,20,35,65,39,22,35,46,21,12,2,9,14,20,26,21,11,21,12,12,6,6,11,50,7,9,12,51,30,25,32,54,44,34,35,7,16,26,39,16,35,37,48,28,26,31,44,24,15,49,22,45,22,23,22,55,34,15,19,13,25,67,7,34,37,46,46,52,69,37,53,32,26,30,64,61,70,31,47,33,57,45,32,55,27,38,51,39,40,27,27,47,52,24,29,38,21,40,32,35,63,24,75,52,31,,62,76,24,73,18,55,60,50,69,22,46,46,26,43,21,32,32,40,39,34,50,112,12,55,43,
20161120,14,O3_8h_24h,8,39,16,34,42,4,28,68,35,20,47,35,11,11,29,42,49,50,43,51,32,30,48,71,16,19,26,28,37,62,49,63,47,20,34,23,35,23,33,54,68,81,23,15,16,45,35,20,15,48,10,59,18,43,72,51,44,35,42,56,53,33,15,41,6,11,46,39,37,7,42,28,24,24,22,11,28,45,53,45,44,38,28,17,37,14,39,30,32,63,44,17,40,48,63,57,46,61,126,49,36,75,21,68,20,47,50,34,39,11,31,37,14,19,20,38,62,40,39,65,39,57,50,61,18,20,21,11,5,18,27,31,22,45,49,73,42,20,86,22,24,17,23,21,25,66,17,34,17,61,9,24,28,11,9,70,96,34,50,62,39,24,44,76,45,64,58,58,47,,67,67,63,20,25,24,34,38,37,32,22,31,30,52,31,44,95,,22,37,7,,31,28,21,17,12,12,29,52,57,51,57,59,54,99,28,46,42,23,55,80,77,65,65,61,59,61,48,37,40,56,70,83,50,32,34,22,80,34,42,37,71,15,22,45,20,46,65,41,53,62,46,34,13,2,9,27,40,33,21,40,21,12,12,6,11,17,54,7,9,13,57,30,46,40,57,59,35,56,7,24,40,39,16,35,37,57,32,30,33,44,35,15,49,22,45,22,26,22,55,34,26,19,13,32,69,12,35,37,46,62,55,69,37,53,32,26,30,64,61,79,31,47,33,58,45,32,61,27,38,51,39,47,27,27,53,54,24,29,38,26,40,32,35,63,24,75,60,31,,62,78,24,74,29,67,60,50,69,22,46,46,26,43,28,54,43,49,39,36,51,112,17,63,43,
20161120,14,CO,1.78,1.03,0.82,2.10,0.40,1.80,0.45,0.63,0.43,1.43,0.60,1.15,1.07,2.23,0.88,0.54,0.61,0.94,0.68,1.04,1.43,1.41,0.95,0.60,1.16,1.40,1.06,1.00,1.33,1.30,0.52,0.27,0.70,1.32,1.11,0.88,1.50,1.20,1.15,0.70,1.00,1.00,1.43,0.80,1.62,0.70,0.40,1.62,1.43,0.31,2.95,2.06,1.21,0.84,0.67,0.60,0.79,0.63,0.63,0.90,0.74,1.13,0.89,0.48,1.77,1.28,0.47,0.82,0.73,2.16,2.30,1.95,2.70,1.10,1.17,1.23,1.44,0.88,1.55,0.95,0.60,1.13,0.57,0.85,1.60,2.40,1.13,1.00,0.70,0.36,0.60,0.60,1.13,0.40,0.37,0.83,0.80,0.85,0.57,0.60,0.75,0.83,0.80,1.00,1.05,0.90,0.90,0.95,0.60,1.37,1.55,1.76,3.33,2.93,1.48,0.62,0.58,0.63,0.70,0.70,0.63,0.38,0.78,1.93,1.20,1.40,4.15,3.50,3.05,3.40,2.27,2.43,1.54,1.45,1.28,1.60,1.60,1.17,0.40,0.83,0.55,0.75,1.40,2.30,0.37,1.27,1.10,1.08,0.72,0.45,1.35,1.70,1.23,1.59,1.43,1.60,0.60,1.47,1.66,1.30,0.65,0.55,0.40,0.20,0.30,0.55,0.25,0.45,0.50,,0.40,0.25,0.15,1.13,1.05,1.05,0.90,0.95,1.10,1.17,1.25,1.55,1.45,0.85,1.25,1.30,1.35,,0.70,1.75,3.38,,1.36,1.24,2.33,2.52,2.10,1.75,1.80,0.47,,0.25,0.30,0.43,0.30,0.80,0.82,0.67,0.17,0.63,0.53,0.20,1.45,0.30,0.80,0.50,0.97,0.73,0.47,0.83,0.30,0.53,0.50,0.60,1.00,0.50,1.52,1.27,1.20,1.68,1.27,1.30,1.20,1.05,0.90,1.23,1.55,1.50,1.20,0.77,1.07,0.70,0.70,0.70,0.85,2.23,1.23,1.10,1.05,0.90,1.07,1.40,1.20,4.83,2.55,2.73,3.20,2.38,1.80,1.33,2.43,1.90,1.90,2.20,1.37,1.33,1.05,1.30,1.40,1.87,1.35,1.38,1.02,1.03,1.72,0.67,1.13,1.55,1.00,0.82,0.60,0.87,0.67,0.85,0.35,0.55,0.75,0.55,0.75,1.60,0.90,1.03,1.30,0.63,1.50,2.40,0.63,1.10,0.77,0.25,0.60,1.10,0.33,0.40,1.00,0.40,0.90,0.70,0.30,0.95,0.80,0.25,0.15,0.55,0.70,0.17,0.35,0.55,0.35,0.70,0.65,0.95,0.95,0.40,0.45,0.70,0.75,0.20,1.17,0.93,1.65,1.20,0.95,1.25,0.90,0.55,1.50,0.35,0.85,0.80,,1.10,,1.50,0.80,0.40,0.70,0.70,0.20,0.40,1.07,0.70,0.45,1.20,0.65,0.95,1.90,0.75,1.10,1.07,1.00,0.87,1.00,2.40,1.60,,
20161120,14,CO_24h,1.48,1.34,2.50,1.78,0.48,3.10,1.87,0.50,0.72,1.40,1.07,1.90,2.35,2.07,1.17,0.52,0.88,1.08,0.99,1.35,1.46,1.51,1.13,1.20,1.52,1.30,1.49,1.43,1.37,1.50,1.24,1.00,1.30,1.43,1.13,1.02,1.60,1.30,1.35,0.67,1.07,1.05,1.53,0.90,1.56,0.86,0.70,1.80,1.99,0.64,2.94,1.46,1.20,1.15,0.77,0.65,0.97,0.73,0.87,1.08,0.90,1.20,0.81,0.53,1.60,2.00,0.91,1.06,1.05,2.03,2.03,2.35,1.75,1.18,1.08,1.17,1.90,0.84,0.65,1.20,0.57,1.15,0.93,1.20,1.33,2.70,1.23,1.52,1.04,0.46,0.93,2.10,1.50,0.93,0.47,0.93,0.94,1.05,0.63,0.73,1.15,1.00,0.90,1.15,1.30,1.35,1.40,1.00,1.80,2.97,1.45,3.00,3.73,2.05,1.60,0.82,0.57,0.67,0.94,0.76,1.15,0.58,0.94,2.03,1.48,1.46,3.68,5.70,3.05,4.37,2.13,1.60,1.50,1.40,1.30,1.60,1.57,1.07,0.53,0.98,0.60,1.20,1.50,1.74,0.80,1.83,1.40,1.16,0.95,0.90,1.40,1.57,2.07,1.34,1.50,1.10,0.80,1.07,1.50,1.23,0.95,1.65,0.50,0.70,0.60,0.60,0.50,0.55,0.70,,0.55,0.45,0.30,1.33,1.20,1.45,1.55,1.35,1.30,1.43,1.65,1.80,1.85,1.10,1.40,1.20,1.35,,1.00,1.30,2.95,,2.74,1.18,1.90,2.65,1.85,1.15,1.57,0.70,,0.45,0.75,0.60,0.35,0.70,0.84,0.63,0.30,0.93,0.70,0.20,1.30,0.60,0.85,0.65,1.23,1.00,0.77,0.67,0.50,0.57,0.50,0.85,0.90,0.70,1.27,1.32,1.57,1.38,1.07,1.33,1.15,1.15,1.30,1.10,1.85,1.40,1.53,0.90,1.20,0.80,0.70,0.80,1.05,2.30,1.33,0.88,1.05,0.67,1.35,1.30,1.15,4.73,4.17,3.20,2.87,1.73,1.90,1.83,1.83,1.70,1.73,1.98,1.53,1.17,1.50,1.30,1.43,1.87,1.55,1.54,1.22,1.00,1.30,0.70,1.30,1.60,1.25,0.82,0.73,0.93,0.80,0.95,0.65,0.80,0.90,0.85,0.75,1.40,0.83,1.13,1.33,0.73,1.73,1.90,0.80,1.20,1.13,0.50,0.75,0.95,0.67,0.57,1.05,0.80,1.35,0.70,0.60,1.05,1.05,0.30,0.30,0.65,1.05,0.30,0.65,0.75,0.40,0.80,0.75,1.00,1.50,0.60,0.90,1.20,1.00,0.30,1.73,2.43,1.60,0.75,1.15,1.35,1.30,0.55,1.55,0.55,1.00,1.10,,1.95,0.70,2.10,0.80,0.40,0.60,1.00,0.50,0.60,1.60,1.05,0.55,1.80,1.45,1.00,2.10,1.30,1.10,1.80,1.35,1.13,0.80,1.60,1.60,0.10,
20161120,15,AQI,91,56,130,81,33,134,64,70,33,63,47,89,114,189,72,46,24,31,37,41,42,50,17,42,78,71,62,42,40,43,51,55,40,43,53,73,46,60,50,70,27,54,109,76,98,36,28,44,81,52,282,73,113,64,47,43,70,47,59,58,56,144,41,36,133,86,47,44,78,202,180,99,120,53,100,109,69,88,84,35,43,38,16,61,105,154,73,61,69,37,60,43,64,54,37,69,14,40,43,39,36,48,30,42,43,47,47,65,32,101,59,136,202,257,144,38,43,41,50,40,44,33,34,133,70,43,319,250,230,174,209,259,214,170,91,86,103,39,26,41,15,89,116,57,100,183,124,95,95,38,150,113,85,153,145,63,44,164,31,114,58,72,56,43,52,42,53,38,56,,37,33,42,66,47,47,50,53,40,61,55,59,61,24,46,29,43,,55,212,263,,89,110,144,196,126,101,89,36,28,66,40,19,24,107,56,36,20,56,37,28,23,26,25,32,20,37,51,51,28,38,63,48,106,13,95,53,80,135,74,44,46,94,76,38,91,116,47,27,20,20,23,32,56,45,58,61,28,32,90,74,131,289,235,150,203,268,116,105,272,105,170,144,81,171,63,56,113,94,84,74,61,106,17,43,59,56,67,39,29,43,30,53,54,20,42,13,59,125,109,84,89,93,102,124,76,65,108,23,29,45,59,28,53,58,25,49,39,41,75,29,23,31,25,30,28,28,30,56,34,74,83,29,26,64,34,26,91,83,115,128,124,118,106,60,132,54,99,56,,69,52,111,49,54,53,66,31,41,97,124,73,81,40,51,54,83,450,449,213,34,45,129,38,33,
20161120,15,PM2.5,68,37,99,48,19,102,44,18,12,42,23,66,86,142,17,32,12,22,26,29,29,27,10,14,43,52,43,24,22,29,12,12,16,28,36,53,32,43,32,51,19,33,82,56,73,19,18,21,60,14,232,53,85,45,28,24,51,32,34,35,33,110,29,14,101,61,24,18,51,152,121,66,91,37,75,82,36,37,62,9,21,24,4,25,79,118,40,34,39,12,22,25,46,12,16,30,10,28,27,20,25,31,21,27,28,33,28,42,14,76,23,104,152,207,110,22,23,20,35,19,30,17,24,101,51,30,269,200,180,132,159,209,164,129,68,64,77,27,11,28,7,53,88,29,75,138,94,71,71,12,115,69,47,117,111,26,14,65,20,35,24,23,14,14,12,19,18,13,14,,8,8,12,30,25,16,14,19,28,44,39,34,44,17,24,18,30,,39,162,213,,66,83,110,147,96,57,51,18,17,9,9,11,11,37,32,24,12,35,26,12,13,18,11,17,7,26,22,35,17,26,45,27,80,3,71,37,59,103,54,31,32,70,56,24,68,88,33,13,10,12,11,19,39,30,41,44,17,20,67,54,100,239,185,115,153,218,88,68,222,79,129,110,60,130,45,40,85,70,62,54,44,80,7,25,33,38,48,21,17,20,18,31,38,11,25,5,42,53,82,62,66,61,54,94,49,47,54,7,18,26,34,10,13,41,13,34,27,17,55,11,15,7,5,8,6,14,9,29,18,12,61,7,18,46,11,10,64,31,87,97,72,56,64,13,58,14,61,11,,50,19,58,10,20,8,17,2,15,61,47,26,57,28,24,22,61,148,172,116,24,22,98,26,11,
20161120,15,PM2.5_24h,94,53,191,52,25,147,127,20,25,49,52,94,139,96,30,25,28,37,55,80,45,53,56,52,72,67,71,60,47,66,57,47,66,87,72,75,64,67,70,51,47,76,114,51,48,30,50,48,101,40,218,66,49,50,28,24,53,29,40,39,35,77,28,14,88,104,44,33,63,124,84,79,67,42,46,50,46,20,39,29,21,34,48,67,74,141,36,70,63,20,39,68,85,68,17,26,33,49,33,33,45,40,36,34,48,74,82,44,20,177,37,115,154,95,68,36,24,34,38,27,55,35,40,96,48,56,213,241,188,229,173,106,84,81,56,54,52,50,26,29,10,82,94,44,117,169,128,72,75,22,122,68,51,79,118,38,25,47,24,27,43,109,30,34,38,22,22,17,25,,18,14,14,64,70,68,59,70,42,99,65,63,63,54,81,97,65,,35,117,155,,124,69,68,111,53,94,46,32,17,22,16,24,11,23,38,32,28,47,30,21,27,35,31,36,27,33,39,30,22,29,32,40,55,12,76,70,89,54,43,33,56,100,102,35,98,68,68,36,17,20,19,25,60,56,74,52,30,47,76,55,74,213,226,183,156,172,116,105,165,65,94,134,64,96,58,43,73,74,56,47,49,45,15,49,39,29,49,44,19,32,23,27,64,33,43,18,36,42,67,88,81,82,44,70,57,41,50,23,32,32,57,22,23,85,24,40,43,16,69,11,28,13,23,28,31,27,13,27,18,13,53,20,65,61,26,14,83,68,77,63,66,59,82,39,44,29,58,62,,53,55,93,19,44,23,31,18,19,70,49,32,51,33,27,19,77,81,134,82,36,23,40,16,15,
20161120,15,PM10,96,62,139,112,33,209,78,90,33,76,47,120,119,258,94,44,22,21,34,35,42,50,16,42,105,,73,42,40,43,51,59,40,43,56,80,40,70,50,78,27,58,95,72,86,36,28,44,104,54,280,83,105,78,47,43,82,47,68,65,61,163,41,36,145,121,47,44,106,272,309,148,177,35,119,154,88,125,79,35,43,35,16,72,129,190,96,72,87,37,69,43,71,57,37,88,8,37,43,39,35,48,22,42,43,45,47,80,20,106,68,158,245,275,180,38,43,41,33,40,44,33,32,157,86,42,381,306,206,192,204,284,210,169,77,105,91,35,26,41,15,128,126,63,120,174,197,118,115,19,215,176,119,229,219,76,44,278,31,178,66,94,61,43,53,42,56,38,61,,37,33,42,82,47,47,50,55,,52,55,68,60,21,46,27,41,,58,263,298,,112,124,184,244,194,152,128,36,28,81,40,17,24,164,61,36,20,61,28,14,17,25,25,32,19,37,52,51,28,38,74,48,94,10,99,53,77,152,76,42,39,98,73,38,73,175,39,27,20,20,23,32,61,45,64,63,28,32,88,80,154,378,246,176,170,320,135,160,332,132,160,119,90,164,64,57,104,93,88,57,64,128,17,43,67,62,84,39,29,43,30,55,49,20,42,,51,199,93,108,115,135,153,162,102,78,165,14,29,45,68,17,55,55,25,49,39,41,81,18,23,24,19,30,20,27,21,61,34,98,22,29,23,75,15,24,132,115,128,183,197,186,162,70,214,58,148,61,,77,53,171,49,58,55,82,14,41,143,198,95,112,,52,58,114,550,549,359,31,45,98,38,33,
20161120,15,PM10_24h,161,58,278,86,43,296,179,90,65,75,76,161,219,188,89,33,41,48,66,116,73,108,119,82,112,86,120,106,78,93,101,86,75,125,116,121,88,107,114,90,73,130,145,76,63,78,91,82,150,81,258,84,69,86,44,38,84,47,69,64,69,111,48,32,132,185,93,90,179,248,278,266,148,47,76,87,114,66,50,54,33,48,67,86,114,233,67,103,103,44,74,89,105,99,40,61,66,79,50,56,82,65,60,55,65,102,123,78,43,229,104,183,244,198,108,50,36,46,50,72,68,56,55,150,70,92,335,374,219,343,229,198,116,123,75,88,78,67,46,40,27,145,138,96,192,221,214,105,129,65,238,161,131,202,228,124,73,143,37,69,68,170,60,62,56,44,54,39,51,,32,39,37,136,113,109,131,128,71,138,92,107,93,81,161,141,88,,59,176,244,,175,127,144,216,135,231,105,46,23,50,44,34,29,91,62,46,37,80,57,25,39,44,41,49,30,46,63,47,40,36,66,44,64,27,103,105,101,76,60,63,78,138,92,53,119,91,84,58,39,44,34,49,106,101,125,78,48,77,121,77,126,327,341,233,206,250,181,193,247,106,126,141,92,128,88,59,104,107,79,66,69,77,29,71,71,46,96,68,35,53,37,47,101,55,63,25,56,178,90,127,124,119,138,123,100,69,120,51,51,53,103,33,62,106,72,63,74,39,104,23,49,32,40,50,57,48,28,55,35,66,101,46,89,60,59,37,179,179,115,195,187,171,189,89,159,86,155,152,,130,136,349,63,94,68,97,42,52,146,115,102,120,59,57,39,211,355,375,252,39,46,51,39,28,
20161120,15,SO2,5,11,21,77,14,43,20,25,7,7,22,35,22,165,21,48,13,25,32,13,10,13,15,9,19,9,13,12,11,8,8,9,9,10,9,18,18,9,7,11,8,17,15,10,6,5,7,13,23,14,28,12,13,15,7,12,15,12,12,10,7,28,11,4,21,15,11,17,5,46,68,31,130,19,18,20,18,23,47,12,34,114,9,18,32,22,34,29,22,8,14,21,35,10,5,34,6,9,10,6,13,8,11,7,9,13,14,14,15,31,30,68,209,70,94,31,22,19,38,14,28,12,13,12,7,19,35,35,27,41,35,37,35,23,14,11,12,9,9,8,1,12,25,86,29,19,21,8,16,7,59,44,36,28,57,21,8,214,7,6,18,14,5,6,13,16,7,7,7,,4,4,5,7,9,18,19,11,13,12,10,11,24,8,6,5,18,,11,10,18,,32,85,188,96,179,87,149,7,4,13,27,7,9,45,79,37,16,52,11,5,8,4,11,5,5,9,18,20,6,12,16,27,16,19,9,15,12,54,14,10,36,15,7,11,16,41,25,8,7,10,8,8,3,27,24,24,14,18,26,6,18,36,27,8,26,9,19,9,16,26,27,10,16,33,7,11,5,8,33,12,20,18,11,5,11,11,7,6,11,11,20,9,7,9,6,10,13,32,19,17,19,22,31,13,13,6,11,11,40,43,17,12,14,16,11,8,9,9,12,8,3,2,14,12,8,9,9,3,10,54,5,5,9,27,11,6,12,13,22,95,27,67,42,7,35,5,80,11,,47,7,24,18,16,24,12,4,22,104,45,7,19,6,15,14,18,4,13,13,57,19,173,13,10,
20161120,15,SO2_24h,6,13,40,47,16,64,39,13,12,6,19,34,35,134,37,48,30,39,44,17,11,18,19,18,15,13,20,17,14,13,10,13,12,15,14,24,22,13,12,14,9,17,20,11,11,7,16,16,24,20,30,9,14,20,8,13,18,17,18,15,9,21,10,4,20,22,16,21,9,29,37,40,117,23,20,18,35,20,23,19,28,89,11,13,27,26,19,33,19,15,19,25,36,21,7,26,10,16,8,9,13,12,8,12,11,20,27,14,27,35,63,92,233,70,81,44,16,23,60,18,43,21,20,15,11,21,43,54,37,36,30,25,22,19,11,9,12,9,10,8,2,14,27,50,27,22,20,11,14,15,30,31,56,23,33,42,12,134,8,6,19,24,10,12,18,15,8,8,19,,4,7,7,11,14,24,27,18,15,18,16,15,25,13,8,11,25,,44,11,21,,82,90,166,97,103,116,81,12,3,44,28,9,17,22,82,43,12,104,20,18,13,14,16,10,8,16,14,26,8,14,6,38,17,14,11,16,16,24,16,8,17,23,12,14,14,22,24,10,9,12,8,6,9,35,47,21,13,22,28,8,30,51,32,27,34,11,20,9,19,19,17,11,11,16,7,7,6,10,29,10,26,18,18,13,15,10,7,6,10,12,18,12,21,10,8,8,22,25,16,22,41,18,25,11,18,5,12,14,36,32,21,24,14,12,22,8,18,11,31,10,4,4,25,22,11,11,10,2,9,15,7,6,13,31,50,5,19,39,24,18,88,70,49,16,25,12,86,46,,49,17,35,18,27,19,28,34,19,86,60,11,18,11,19,10,32,3,18,76,22,5,33,10,16,
20161120,15,NO2,51,41,32,59,25,65,32,33,21,33,27,43,53,68,22,32,15,23,29,43,43,59,18,16,37,12,46,46,26,25,15,19,25,58,62,69,38,45,44,17,13,52,43,36,53,41,19,42,45,17,86,53,34,44,19,30,45,26,23,21,18,88,37,7,76,66,16,21,19,76,125,42,45,32,30,45,18,31,52,14,30,33,28,29,54,28,39,27,25,14,18,30,40,12,10,23,23,20,5,5,30,9,22,6,42,20,21,35,12,32,22,53,75,81,28,26,23,26,24,15,15,12,14,47,37,48,86,70,62,58,55,56,50,46,24,18,20,21,4,18,5,37,32,36,17,27,31,41,21,9,58,66,35,59,51,9,14,50,10,14,25,12,11,10,17,14,13,14,11,,7,12,9,55,34,39,28,27,39,41,47,24,36,9,27,58,46,,38,60,48,,42,42,57,61,64,52,51,12,10,17,16,10,11,18,25,23,19,22,19,6,8,6,10,9,5,16,26,15,10,20,61,40,28,17,36,28,37,64,35,44,36,24,25,48,18,56,37,24,32,28,32,35,14,20,38,33,27,34,37,30,41,72,88,48,71,59,36,25,74,48,41,37,42,39,8,27,17,33,20,26,20,26,24,15,13,22,23,13,10,10,18,20,7,12,11,2,19,40,37,26,32,34,36,54,32,42,20,13,13,23,16,7,16,28,11,20,2,10,12,8,9,6,9,6,8,9,10,14,13,15,17,4,3,2,4,14,23,24,40,47,37,63,46,7,66,10,35,15,,43,7,41,6,10,10,6,5,14,37,21,14,31,24,21,2,38,22,22,11,18,11,36,16,6,
20161120,15,NO2_24h,60,39,72,47,30,88,68,20,42,36,36,58,71,70,46,31,31,34,51,63,40,71,32,31,42,14,55,46,33,38,28,29,35,70,70,84,45,50,61,26,18,55,64,41,45,48,48,43,63,34,86,42,37,77,33,48,61,53,49,41,31,73,35,11,58,72,44,42,48,65,82,67,64,44,33,41,50,37,29,20,23,37,41,41,42,40,37,39,31,18,25,65,44,31,9,18,25,28,6,12,40,14,26,15,55,30,43,44,28,66,33,68,58,69,28,30,19,23,27,18,30,24,29,57,42,45,81,87,73,86,54,52,44,50,24,24,17,32,10,28,12,55,45,54,38,68,45,41,43,34,64,54,57,50,57,26,34,43,17,21,28,38,22,19,32,15,20,14,19,,9,15,12,57,49,51,42,35,42,45,58,25,38,19,37,62,45,,36,45,53,,66,45,51,67,47,34,46,21,11,34,21,15,13,17,31,25,24,30,23,13,13,14,19,21,9,24,21,22,26,30,36,37,26,16,40,30,44,54,40,39,40,35,36,43,36,54,54,29,30,24,29,37,22,33,54,30,25,25,38,25,52,78,104,80,67,47,40,47,59,45,40,42,37,36,9,25,35,28,25,32,22,27,35,18,14,19,21,20,17,22,22,32,24,19,26,10,22,47,37,40,46,52,31,48,31,38,35,19,61,32,39,13,16,32,37,32,23,14,32,13,18,17,30,12,23,19,17,24,17,19,44,19,29,28,36,15,39,53,41,37,49,57,55,24,77,26,41,43,,67,27,64,13,15,20,18,27,15,48,29,28,51,42,34,22,53,31,45,34,24,15,36,12,10,
20161120,15,O3,6,29,29,13,41,4,37,48,55,20,68,37,16,43,59,47,78,54,54,50,18,29,55,82,33,16,26,15,33,72,72,75,54,9,26,33,29,14,31,66,67,27,37,27,17,32,49,24,37,75,10,15,36,159,94,77,96,64,77,120,89,85,45,42,10,60,104,94,66,16,65,72,54,42,40,17,59,57,23,55,45,43,51,55,30,5,54,48,47,70,68,44,48,76,67,68,34,74,87,49,40,79,31,90,19,86,75,103,102,36,54,58,24,26,27,43,61,42,46,70,47,66,63,56,21,18,41,8,4,39,18,53,43,82,59,109,50,59,84,55,36,66,94,78,97,164,70,78,65,123,31,31,74,37,24,68,112,50,70,67,60,55,63,92,81,75,79,68,69,,74,75,74,16,32,24,42,43,22,23,35,14,36,62,27,32,14,,34,16,6,,70,58,52,43,21,41,54,60,60,67,66,61,58,87,41,48,57,39,65,91,75,71,68,66,65,70,42,49,61,64,83,60,70,42,40,19,33,23,59,46,66,14,20,33,43,36,82,32,19,24,36,25,21,2,14,13,23,19,35,14,40,9,11,4,5,11,62,26,8,15,64,46,26,46,81,46,52,58,9,15,38,61,23,46,51,58,41,37,43,64,30,46,107,33,78,40,63,84,114,101,80,98,38,31,68,11,110,72,46,101,82,90,40,85,71,48,75,111,124,93,70,99,79,92,91,88,95,72,81,72,80,77,75,50,109,83,84,76,55,42,83,71,73,93,68,86,73,77,,120,86,75,107,26,94,106,98,80,51,58,68,54,67,33,50,56,49,51,62,50,123,38,70,52,
20161120,15,O3_24h,50,54,42,43,49,7,39,73,72,62,68,46,22,45,78,54,79,61,58,69,45,43,57,83,33,24,60,39,52,79,72,77,57,49,121,130,144,56,77,104,128,86,58,95,23,67,82,52,39,76,44,61,36,161,96,85,117,77,84,124,95,127,99,52,28,79,106,94,86,35,113,72,69,42,40,31,73,88,63,57,60,67,72,55,47,99,55,54,50,73,70,44,65,96,67,71,82,109,138,57,66,109,61,93,113,127,124,109,102,36,77,81,42,81,53,48,69,45,56,74,51,71,66,75,27,27,83,13,29,40,60,68,43,84,64,109,62,61,103,55,42,66,108,94,101,145,71,84,78,130,52,54,74,79,62,99,112,74,81,68,63,61,66,92,81,76,79,69,69,,74,75,74,75,47,28,42,55,51,43,65,43,43,62,39,70,97,,53,103,69,,81,99,75,60,71,44,84,62,61,77,93,69,59,105,56,57,62,53,70,93,80,72,78,70,66,76,57,51,63,67,96,97,74,44,47,30,166,42,60,84,76,26,42,47,53,50,93,102,55,97,53,38,68,80,32,94,48,75,35,97,81,16,23,11,54,74,75,35,105,21,81,50,49,52,85,63,52,95,39,38,72,61,41,79,56,71,44,85,49,71,46,57,157,59,81,51,67,94,142,106,111,103,50,48,76,37,113,76,62,117,94,99,46,101,81,61,75,118,125,95,77,99,79,97,92,89,95,75,82,82,83,82,83,51,109,83,85,93,69,72,88,93,79,93,76,86,85,82,,122,90,75,112,32,94,111,99,87,58,64,69,75,131,37,65,84,95,143,97,55,130,56,72,52,
20161120,15,O3_8h,3,35,19,13,41,3,30,60,41,20,53,36,12,16,35,39,52,52,47,47,28,25,48,73,20,16,27,22,31,60,52,64,50,12,23,26,24,19,20,54,64,34,27,18,16,23,38,20,19,54,11,18,21,62,72,55,56,42,52,71,63,44,19,38,6,18,59,51,43,8,49,31,29,26,24,11,33,37,27,45,45,41,34,23,36,15,42,35,36,63,51,23,40,54,63,59,31,64,84,45,38,79,24,69,22,57,49,46,51,15,36,36,16,19,21,36,54,33,41,66,36,54,47,57,19,18,24,8,5,22,15,36,26,51,51,80,40,27,87,28,28,25,34,30,36,72,25,41,19,73,13,22,36,15,12,57,99,37,51,61,43,31,49,81,53,66,63,60,51,,68,68,66,19,25,23,35,40,36,29,26,22,32,55,27,33,18,,25,13,8,,39,34,26,21,13,16,34,46,56,53,58,59,54,86,29,40,45,27,59,83,61,59,62,63,60,66,47,39,41,59,73,65,54,34,34,16,67,27,39,37,67,11,22,29,23,36,69,37,20,32,46,23,13,2,10,13,20,26,24,12,25,12,13,6,6,11,54,10,9,13,53,32,25,35,59,43,36,39,7,16,27,44,18,37,40,49,28,28,33,47,25,21,61,24,52,26,30,31,65,46,24,31,17,26,67,8,47,43,47,55,58,73,38,57,40,30,39,72,75,75,39,57,42,64,55,41,62,36,45,61,47,47,37,31,57,56,33,38,43,25,47,39,44,69,32,77,58,40,,71,77,32,80,17,62,68,59,71,28,48,50,30,47,23,34,31,44,41,38,50,113,17,56,44,
20161120,15,O3_8h_24h,8,39,19,34,42,4,30,68,41,20,53,36,12,16,35,43,53,52,47,52,32,30,48,73,20,19,27,28,37,62,52,65,50,20,34,26,35,23,33,56,69,81,27,18,16,45,38,22,19,54,11,59,21,62,75,56,56,42,52,71,63,44,19,43,7,18,59,51,43,8,49,32,29,26,25,11,33,47,53,46,45,41,34,23,37,15,42,35,36,65,51,23,41,54,64,59,46,64,127,49,38,79,24,70,22,57,54,46,51,15,36,42,16,20,21,39,62,40,41,66,40,59,51,61,19,20,24,11,5,22,27,36,26,51,51,80,43,27,87,28,28,25,34,30,36,72,25,41,23,73,13,25,36,15,12,71,99,37,51,62,43,31,49,81,53,67,63,60,51,,68,68,66,20,26,24,35,40,37,32,26,31,32,55,31,44,95,,25,37,8,,39,34,26,21,13,16,34,53,57,53,59,59,54,99,31,46,46,27,59,83,77,65,66,63,60,66,49,39,43,59,73,83,54,34,35,22,81,34,43,38,71,15,22,45,23,46,69,41,53,62,46,34,13,2,10,27,40,33,24,40,25,12,13,6,11,17,55,10,9,13,57,32,46,40,59,59,36,56,7,24,40,44,18,37,40,57,32,30,33,47,35,21,61,24,52,26,30,31,65,46,29,31,17,32,69,12,47,43,47,64,59,73,38,57,40,30,39,72,75,80,39,57,42,64,55,41,65,36,45,61,47,47,37,31,58,56,33,38,43,26,47,39,44,69,32,77,63,40,,71,78,32,80,29,67,68,59,71,28,48,50,30,47,28,54,43,49,41,38,51,113,17,63,44,
20161120,15,CO,1.76,1.07,0.87,2.20,0.40,2.10,0.42,1.03,0.40,1.43,0.63,1.20,1.13,2.20,0.77,0.57,0.63,0.94,0.63,0.96,1.51,1.31,0.85,0.60,1.14,1.30,1.04,1.10,1.30,1.07,0.48,0.27,0.65,1.32,1.11,0.88,1.50,1.20,1.15,0.70,1.00,0.95,1.33,0.80,1.58,0.68,0.40,1.58,1.11,0.36,2.98,1.91,1.17,0.82,0.70,0.60,0.73,0.67,0.67,0.88,0.80,1.27,0.84,0.48,1.70,1.23,0.47,0.66,0.55,2.18,2.43,1.20,1.50,0.97,1.17,1.18,1.24,0.84,1.27,0.95,0.63,1.17,0.60,0.48,1.50,2.60,1.10,0.98,0.74,0.36,0.63,0.55,1.03,0.40,0.33,0.83,0.74,0.92,0.60,0.60,0.80,0.87,0.85,0.95,1.10,1.05,0.95,1.00,0.53,1.27,1.43,2.64,3.52,3.00,1.35,0.67,0.55,0.55,0.74,0.72,0.60,0.40,0.70,1.83,1.23,1.40,3.93,3.25,3.10,2.67,2.37,2.43,1.56,1.45,1.30,1.60,1.73,1.17,0.43,0.83,0.50,0.70,1.32,1.80,0.33,1.10,1.00,1.06,0.65,0.50,1.45,1.83,1.30,1.57,1.47,1.30,0.60,1.50,1.74,1.30,0.60,0.60,0.40,0.20,0.25,0.55,0.25,0.45,0.50,,0.40,0.25,0.15,1.17,0.85,1.05,0.95,0.95,1.10,1.53,1.25,1.40,1.40,0.85,1.25,1.15,1.45,,0.70,1.85,3.30,,1.70,1.22,2.23,2.45,2.20,1.60,1.60,0.43,,0.25,0.35,0.43,0.40,0.85,0.72,0.65,0.22,0.72,0.53,0.20,1.55,0.30,0.85,0.50,0.97,0.70,0.60,0.67,0.40,0.60,0.70,0.60,1.00,0.40,1.40,1.43,1.10,1.68,1.27,1.27,1.25,0.95,0.80,1.25,1.40,1.90,1.13,0.80,0.83,0.73,0.73,0.70,0.85,2.05,1.20,1.02,1.05,1.32,1.10,1.35,1.15,4.40,2.60,2.63,3.30,2.42,1.74,1.17,2.40,2.02,1.83,2.13,1.37,1.40,1.05,1.30,1.33,2.00,1.45,1.38,1.05,0.97,1.62,0.63,1.13,1.40,1.00,0.65,0.60,0.77,0.63,0.80,0.35,0.50,0.70,0.55,0.65,1.50,0.83,0.90,0.97,0.50,1.43,2.17,0.63,1.20,0.75,0.30,0.60,1.02,0.33,0.42,1.00,0.40,0.95,0.60,0.30,0.85,0.70,0.20,0.20,0.55,0.75,0.17,0.25,0.50,0.35,0.70,0.50,0.80,0.95,0.40,0.35,0.40,0.50,0.20,1.13,0.93,1.40,1.30,0.95,1.25,0.80,0.45,1.35,0.40,0.90,0.65,,1.00,,1.40,0.70,0.40,0.60,0.70,0.20,0.40,1.03,0.65,0.40,1.20,0.50,0.85,1.70,0.80,1.10,1.00,1.10,0.83,0.60,1.60,1.60,,
20161120,15,CO_24h,1.55,1.29,2.42,1.82,0.48,3.08,1.77,0.53,0.72,1.43,1.00,1.90,2.30,2.10,1.17,0.54,0.86,1.08,0.99,1.30,1.44,1.51,1.10,1.20,1.50,1.30,1.49,1.40,1.37,1.43,1.22,0.97,1.30,1.43,1.13,1.02,1.60,1.30,1.35,0.67,1.07,1.05,1.53,0.90,1.56,0.80,0.60,1.78,1.91,0.66,3.04,1.48,1.19,1.15,0.77,0.63,0.97,0.73,0.87,1.08,0.90,1.23,0.81,0.53,1.61,2.00,0.91,1.06,1.05,2.05,2.10,2.35,1.80,1.18,1.08,1.17,1.88,0.84,0.70,1.18,0.57,1.15,0.87,1.13,1.30,2.70,1.13,1.44,1.02,0.42,0.93,1.95,1.50,0.90,0.40,0.93,0.94,1.05,0.63,0.73,1.15,1.00,0.90,1.15,1.30,1.35,1.40,1.00,1.80,2.87,1.45,3.06,3.80,2.15,1.65,0.80,0.57,0.67,0.94,0.74,1.13,0.56,0.94,2.00,1.45,1.46,3.80,5.60,3.05,4.43,2.13,1.67,1.54,1.40,1.30,1.60,1.57,1.07,0.53,0.95,0.60,1.20,1.50,1.74,0.80,1.83,1.38,1.16,0.95,0.85,1.40,1.60,2.07,1.34,1.50,1.05,0.80,1.10,1.50,1.23,0.85,1.55,0.50,0.60,0.60,0.60,0.50,0.55,0.70,,0.55,0.40,0.30,1.33,1.20,1.40,1.50,1.30,1.30,1.43,1.65,1.75,1.80,1.05,1.40,1.20,1.35,,1.00,1.30,3.02,,2.72,1.20,1.97,2.75,1.95,1.20,1.60,0.70,,0.45,0.75,0.60,0.40,0.75,0.86,0.63,0.30,0.93,0.70,0.20,1.35,0.55,0.90,0.65,1.20,1.00,0.77,0.70,0.45,0.57,0.50,0.85,0.90,0.70,1.28,1.35,1.57,1.38,1.07,1.33,1.15,1.15,1.30,1.10,1.85,1.40,1.47,0.90,1.20,0.80,0.70,0.80,1.05,2.23,1.30,0.88,1.02,0.67,1.35,1.30,1.15,4.67,4.13,3.17,2.90,1.80,1.96,1.83,1.83,1.72,1.77,2.00,1.53,1.17,1.50,1.30,1.43,1.87,1.55,1.50,1.20,1.00,1.30,0.73,1.30,1.57,1.25,0.85,0.73,0.93,0.77,0.95,0.65,0.80,0.90,0.80,0.75,1.43,0.87,1.13,1.33,0.73,1.73,1.90,0.80,1.25,1.13,0.50,0.75,0.95,0.67,0.57,1.05,0.80,1.35,0.70,0.60,1.05,1.05,0.30,0.30,0.65,1.05,0.30,0.65,0.75,0.40,0.80,0.70,0.70,1.50,0.60,0.90,1.20,1.00,0.30,1.73,2.43,1.60,0.75,1.15,1.35,1.30,0.55,1.55,0.55,1.00,1.10,,1.95,0.70,2.20,0.80,0.40,0.60,1.00,0.50,0.50,1.60,1.05,0.55,1.80,1.45,1.00,2.10,1.30,1.10,1.80,1.45,1.10,0.80,1.60,1.60,0.10,
20161120,16,AQI,84,58,145,78,34,163,68,59,22,63,54,85,116,181,61,61,23,33,46,41,37,36,19,48,75,50,53,32,35,51,53,50,40,41,53,73,40,59,50,61,29,52,96,93,95,41,38,46,66,52,288,73,109,64,50,40,64,50,58,57,61,156,46,35,135,85,43,50,68,206,172,75,90,39,101,113,68,88,69,42,40,44,18,45,113,154,68,53,70,33,66,49,60,52,38,71,14,41,47,37,49,41,37,47,29,54,57,69,32,78,60,116,210,273,126,45,38,42,51,40,35,35,33,130,68,51,302,242,227,206,213,260,216,153,88,103,100,41,30,44,15,88,96,57,110,145,127,93,94,41,156,126,87,171,174,75,48,155,26,131,56,56,53,43,47,46,56,47,46,,35,31,44,68,33,34,41,42,27,49,52,40,56,18,47,31,44,,86,208,214,,121,103,159,187,113,110,98,30,23,78,37,20,24,105,53,47,30,64,40,27,23,26,25,35,24,39,51,53,33,47,71,50,115,15,95,49,90,128,91,48,60,47,83,45,80,220,53,32,17,17,27,32,56,50,57,59,30,30,89,73,133,283,237,135,210,272,113,83,267,110,157,138,81,161,61,58,106,94,88,76,83,118,21,45,63,64,79,40,36,42,36,51,54,15,46,17,47,115,95,81,83,96,97,110,80,68,107,27,32,42,59,29,50,54,27,49,42,34,58,32,22,33,26,37,28,30,27,36,39,45,39,26,25,116,,41,88,83,115,141,117,114,111,68,140,52,94,60,,52,45,96,51,56,51,35,30,53,106,114,70,79,40,49,51,77,472,426,220,24,38,98,48,28,
20161120,16,PM2.5,62,38,111,48,20,124,49,22,12,45,31,60,88,137,15,44,12,23,32,29,25,19,12,14,36,33,35,19,18,29,13,13,14,25,35,53,28,36,30,44,20,33,72,69,71,20,15,21,45,13,238,53,82,46,29,23,46,35,35,37,35,119,31,12,103,56,21,16,31,156,111,39,56,27,76,85,28,33,50,10,24,22,5,20,85,118,41,30,38,9,29,25,43,12,11,29,10,29,25,16,27,29,21,25,20,31,30,47,13,57,27,88,160,223,96,28,21,21,36,21,23,18,23,99,34,36,252,192,177,156,163,210,166,117,65,77,75,27,13,31,7,50,72,29,83,111,82,69,70,12,119,85,49,130,132,16,13,63,18,35,20,25,14,10,8,21,16,14,12,,12,8,14,27,16,12,8,13,19,34,36,23,40,12,24,21,31,,51,158,164,,92,77,121,141,80,72,49,18,16,6,13,14,12,44,30,30,21,46,28,10,11,16,10,18,8,25,34,35,23,33,41,27,87,9,71,32,67,97,68,21,43,20,61,29,59,170,36,15,9,11,11,19,40,33,39,42,18,20,66,53,101,233,187,103,160,222,85,61,217,83,120,105,60,123,44,40,80,70,65,56,61,89,7,30,39,46,58,21,16,22,14,25,38,7,25,9,33,49,71,60,61,61,48,83,59,49,49,5,19,24,39,11,11,38,10,34,29,15,41,10,9,5,5,12,8,14,6,10,14,10,27,3,11,88,,11,65,33,87,108,58,59,42,17,75,15,59,17,,34,15,48,12,24,12,11,5,22,80,47,26,55,28,22,21,56,131,172,102,17,19,73,16,5,
20161120,16,PM2.5_24h,95,49,185,50,25,143,120,19,26,49,46,91,134,100,30,26,28,36,55,75,42,51,51,50,71,66,70,58,44,63,54,44,63,82,70,74,60,64,68,51,46,75,112,51,49,29,47,46,96,36,219,66,50,49,28,24,53,29,40,39,36,79,27,14,90,103,44,33,63,127,85,78,68,37,47,50,45,21,40,28,21,34,47,65,72,137,34,64,62,19,36,66,82,62,16,26,32,49,32,32,45,40,36,33,46,73,81,44,19,172,37,116,158,103,70,36,24,33,38,26,55,35,40,98,46,54,220,237,186,227,172,113,88,84,56,56,53,49,25,28,10,82,95,44,118,169,127,72,75,22,124,70,52,83,120,38,24,48,24,27,37,102,28,31,34,21,19,17,23,,17,13,13,62,66,64,55,66,41,94,64,62,63,49,76,94,65,,36,120,159,,123,72,73,115,56,94,48,32,17,21,15,24,11,25,39,32,28,48,30,20,27,34,31,36,23,33,40,31,23,30,32,41,58,12,76,69,88,55,43,32,56,97,100,35,96,71,64,34,17,19,18,25,59,53,71,52,27,45,75,56,76,210,223,179,158,175,116,104,168,66,97,135,64,100,58,43,74,76,56,46,49,47,14,48,39,29,49,41,20,31,21,27,64,29,43,17,36,42,68,88,80,82,45,71,58,42,51,23,32,32,57,22,23,85,24,40,43,16,69,11,28,13,23,29,32,28,13,26,18,40,54,19,64,64,,14,83,68,78,65,67,60,82,38,46,28,59,61,,54,54,92,19,43,23,31,18,19,71,49,32,52,33,26,20,76,85,138,86,34,22,42,16,13,
20161120,16,PM10,100,66,165,105,34,239,81,68,22,75,57,119,127,247,71,61,23,21,34,35,37,36,16,48,100,50,55,32,35,51,55,50,40,41,55,82,40,67,50,67,27,53,88,77,78,41,38,46,81,53,307,95,101,75,50,40,73,47,65,63,71,187,46,35,151,119,43,50,86,276,293,99,129,25,122,153,85,125,63,42,40,44,18,45,137,211,86,56,90,33,82,49,65,54,38,91,6,40,47,37,49,40,37,47,24,58,64,88,15,92,70,135,261,296,162,45,38,42,38,40,35,35,27,156,86,51,381,261,263,219,222,274,206,176,79,108,114,41,30,41,15,126,103,63,128,152,203,118,107,28,233,202,123,233,233,100,48,260,24,212,61,61,55,43,47,46,61,47,46,,35,31,44,86,33,34,41,42,,43,53,40,56,16,47,31,39,,122,292,243,,120,120,193,238,176,169,146,30,18,105,37,19,24,160,55,47,22,68,26,12,16,26,25,35,24,39,52,55,32,45,92,50,108,15,104,49,72,132,107,48,42,47,64,45,64,196,55,32,16,17,27,32,60,50,64,58,30,30,91,74,151,374,267,158,225,341,129,114,384,137,150,111,89,152,60,65,98,93,83,60,85,133,21,45,75,69,80,40,36,42,36,51,48,15,46,17,32,180,81,95,109,142,144,147,109,83,164,24,32,42,68,18,50,58,27,47,42,27,51,32,22,33,13,37,24,30,18,36,39,45,26,19,22,,,41,126,116,132,161,183,177,171,85,230,54,138,70,,53,45,142,52,62,52,35,20,56,160,177,89,107,27,49,52,103,572,526,364,22,,,48,28,
20161120,16,PM10_24h,171,55,268,85,42,291,171,85,65,75,70,158,212,195,85,35,41,48,65,96,68,105,105,80,112,84,119,103,72,90,98,83,72,119,113,119,82,98,109,89,70,128,141,75,65,74,87,77,145,76,264,86,71,86,44,38,83,47,70,64,70,114,47,33,133,185,93,91,180,249,275,256,148,46,76,89,111,70,51,53,33,48,65,84,112,228,65,98,101,43,74,87,103,92,40,62,60,78,50,55,81,64,60,56,60,100,120,78,42,222,102,183,249,208,113,50,36,46,50,68,70,55,55,151,70,88,343,367,220,341,229,205,120,128,75,91,80,67,45,40,27,146,139,96,193,222,217,107,129,65,238,163,131,205,231,123,72,149,37,73,63,164,58,58,54,43,50,39,51,,33,38,37,134,109,103,123,122,69,131,91,107,92,75,157,137,87,,62,183,249,,173,130,150,219,139,230,110,46,23,52,42,34,28,97,64,46,37,81,57,24,38,44,40,48,29,46,64,48,41,37,67,44,68,27,104,103,101,77,61,63,78,137,90,53,113,95,80,56,37,41,33,48,105,97,120,77,44,72,120,76,128,323,339,229,207,256,181,191,256,106,128,143,92,132,88,60,103,109,80,63,68,81,28,70,72,47,95,64,35,53,35,46,99,50,63,25,56,176,90,127,124,121,140,125,101,70,123,51,51,53,103,32,61,105,72,64,74,41,104,23,49,32,40,50,57,48,28,55,35,48,105,45,89,62,,38,178,178,117,188,189,172,189,86,164,83,157,149,,130,134,340,60,91,68,95,42,49,148,123,104,122,58,55,39,203,370,388,263,38,47,54,40,27,
20161120,16,SO2,5,11,22,60,13,44,25,18,7,7,25,36,22,153,22,63,14,30,38,13,10,12,14,9,16,9,13,7,10,9,6,9,9,8,9,17,17,8,7,10,7,18,14,10,8,5,9,12,23,11,24,12,13,14,7,13,15,11,8,10,8,21,11,4,18,14,9,19,6,47,63,19,126,14,19,24,15,27,73,13,30,51,8,10,28,21,33,22,20,8,14,18,33,10,5,33,6,9,8,6,10,9,10,6,7,10,13,15,14,27,22,47,203,49,64,45,20,16,49,15,59,13,17,12,7,20,26,35,31,41,32,40,28,19,12,15,13,9,9,9,2,11,23,84,31,23,20,9,16,8,59,67,33,24,54,19,13,147,6,5,18,17,5,6,14,12,7,6,7,,4,4,5,8,7,17,19,10,13,12,8,9,24,8,6,5,18,,26,10,17,,28,93,163,115,162,52,86,6,4,12,24,6,8,79,97,34,15,62,9,6,10,5,12,5,9,10,14,21,7,15,19,24,16,32,10,13,11,46,13,8,53,17,14,11,19,49,23,6,6,12,7,7,4,32,27,17,10,21,25,7,20,28,23,7,27,9,20,9,15,33,16,9,17,32,5,10,5,8,34,9,27,15,9,5,7,11,7,6,11,12,21,6,9,8,5,17,12,54,17,14,13,20,33,21,12,6,10,10,35,34,16,13,14,13,10,6,6,8,12,7,2,6,13,13,8,9,10,4,12,21,6,4,9,21,,6,11,13,22,97,20,47,15,6,29,7,77,12,,46,3,19,17,18,22,14,4,22,160,42,8,21,7,8,22,19,4,11,8,42,19,84,9,11,
20161120,16,SO2_24h,7,13,39,49,16,63,38,13,12,6,19,33,34,139,37,49,29,39,44,17,11,18,18,18,15,13,20,16,13,13,10,13,12,15,13,23,21,13,11,14,9,17,18,10,11,7,15,16,24,19,30,10,14,20,8,13,18,17,18,15,9,21,10,4,19,22,16,21,9,30,39,40,120,23,20,18,34,21,26,19,28,88,11,13,26,26,20,31,19,15,19,25,36,19,7,26,9,16,8,9,13,12,8,12,11,20,26,14,28,36,63,90,234,71,82,45,16,23,60,18,45,20,20,15,10,21,43,53,37,37,30,26,22,19,11,9,12,9,10,8,2,14,27,51,27,23,19,12,15,15,31,33,56,24,34,38,12,135,8,6,19,23,9,11,17,15,8,8,19,,4,7,7,10,14,24,26,18,15,17,16,15,24,12,8,10,24,,45,11,20,,80,93,172,100,108,116,84,12,3,43,28,8,17,25,85,44,13,105,20,17,13,13,17,10,8,16,14,26,8,14,7,38,18,15,11,16,16,25,16,8,19,22,12,14,14,23,24,10,8,11,8,6,9,34,45,21,13,21,28,8,30,49,31,26,34,11,20,9,18,20,17,11,12,17,7,7,6,10,29,10,25,15,18,12,14,10,8,6,10,12,18,12,19,10,8,8,22,27,16,22,42,18,26,12,18,5,12,14,36,32,21,24,14,12,22,8,18,11,31,9,4,4,25,22,11,11,10,2,9,15,7,6,13,31,,5,19,39,24,22,84,71,48,15,26,12,89,46,,50,17,35,18,27,19,27,34,19,87,52,12,18,11,18,10,31,3,18,76,23,5,35,10,14,
20161120,16,NO2,48,45,46,57,26,66,35,30,22,42,34,53,56,66,22,42,18,31,41,40,44,54,17,18,35,10,41,40,20,22,14,20,23,51,67,78,48,43,47,16,16,56,44,50,50,51,23,43,46,17,87,60,39,56,22,32,46,24,21,22,19,86,41,9,81,52,18,22,20,85,126,43,48,30,32,47,18,34,48,19,35,35,27,23,61,30,42,24,26,17,25,36,36,11,12,38,27,28,6,7,31,10,23,6,34,19,24,39,13,32,19,38,70,86,31,35,24,25,27,17,25,15,18,48,43,49,73,71,64,70,63,57,49,41,23,20,19,24,5,19,6,36,30,33,24,32,28,34,23,11,63,68,42,63,61,6,18,47,11,15,27,19,13,11,20,15,15,15,14,,9,14,12,52,32,38,28,23,35,35,50,24,48,10,29,59,50,,60,61,44,,42,45,63,60,60,28,38,13,10,18,15,11,11,21,28,26,22,32,18,7,11,8,16,11,9,18,21,20,16,24,58,37,35,21,39,32,38,67,36,49,39,24,23,54,18,69,37,26,34,25,30,40,16,20,43,32,33,34,39,28,41,68,91,46,74,62,40,26,73,54,39,42,40,39,8,23,22,37,38,29,25,28,27,16,15,27,27,14,10,13,16,20,10,10,11,4,13,42,31,20,23,25,36,54,29,50,16,4,15,22,17,8,17,28,10,22,3,5,17,8,10,10,8,9,11,8,10,11,14,12,14,5,2,2,,12,27,26,45,57,35,56,35,7,62,13,37,16,,38,3,42,6,14,19,6,5,15,56,20,17,31,25,17,2,39,23,19,11,16,10,30,13,6,
20161120,16,NO2_24h,60,38,70,48,30,86,65,21,42,37,34,58,69,71,46,31,31,34,51,60,40,70,29,30,41,14,54,45,31,36,27,28,33,68,69,85,45,48,60,26,17,56,63,41,45,48,46,42,62,32,87,42,37,76,33,47,61,53,49,40,31,75,36,12,58,72,44,42,48,66,84,66,64,43,32,41,49,38,31,20,24,38,41,40,42,38,37,37,31,18,25,64,43,29,8,19,25,28,6,12,40,14,27,15,54,30,42,44,28,64,34,67,59,71,28,30,19,24,28,18,30,24,29,56,41,44,83,85,73,87,55,54,44,51,24,24,17,32,10,27,12,55,45,55,38,68,44,41,43,34,65,55,57,51,58,26,34,43,17,20,28,36,21,19,31,16,20,14,19,,9,14,12,57,48,48,41,34,41,43,58,25,38,17,36,61,45,,38,46,54,,65,46,53,68,48,34,47,21,10,34,22,15,12,17,32,25,24,30,23,12,13,13,19,21,8,24,22,22,26,29,36,37,27,16,40,30,44,53,39,40,39,34,35,43,36,54,53,29,30,25,29,37,22,32,52,30,25,23,38,26,52,77,103,79,68,48,40,47,60,45,40,42,37,36,9,24,34,29,25,31,22,27,34,18,15,19,21,19,17,22,22,32,24,17,26,10,23,48,37,40,46,52,32,47,32,38,35,19,61,32,39,13,16,32,37,33,23,15,32,13,18,17,30,12,23,19,17,24,17,20,43,19,29,28,,15,39,54,41,38,50,58,55,23,77,26,42,43,,68,27,64,13,15,20,18,27,15,50,29,29,52,42,34,21,54,31,44,34,23,15,37,12,10,
20161120,16,O3,9,23,21,14,37,3,34,52,54,13,60,28,15,45,59,39,74,45,43,49,18,30,61,80,35,19,29,20,40,82,74,75,57,14,22,27,19,17,28,68,65,22,36,19,19,24,52,30,33,76,7,10,36,139,98,72,87,84,68,105,83,78,52,32,12,76,101,93,69,15,59,75,50,44,41,15,59,55,26,52,39,42,36,66,21,5,49,47,44,67,61,39,49,77,65,53,29,71,97,48,35,74,29,70,19,64,54,107,103,42,52,68,29,24,24,34,58,42,44,66,37,63,57,56,11,16,39,6,3,31,15,55,46,89,58,111,53,58,84,61,38,72,102,88,95,143,82,92,81,130,32,35,72,41,25,71,107,54,54,68,53,43,63,92,77,71,76,67,67,,72,73,71,14,29,25,43,45,34,29,28,15,25,57,24,30,10,,10,16,4,,63,56,47,53,29,72,53,58,59,67,74,60,57,71,39,44,51,29,60,86,72,68,64,64,58,65,49,45,54,58,68,60,65,44,36,17,35,23,46,50,67,14,20,29,48,23,80,29,20,29,34,19,18,2,8,11,22,19,30,14,42,7,7,3,4,9,54,29,8,10,67,42,30,47,75,53,49,47,8,16,30,69,22,47,47,47,38,34,46,54,31,32,118,35,75,36,72,84,125,106,101,116,50,32,67,9,121,86,53,102,85,94,40,90,73,45,74,109,121,94,68,100,82,87,88,95,87,73,76,62,85,82,80,50,,82,79,74,51,32,96,80,77,94,74,85,73,79,,133,67,79,108,28,74,105,97,77,36,59,67,57,68,39,47,55,51,46,62,51,122,28,75,53,
20161120,16,O3_24h,32,54,36,43,48,6,39,72,59,36,68,46,21,47,74,54,79,61,58,69,45,41,61,83,36,24,55,39,52,82,75,77,57,44,92,88,117,56,73,72,127,86,41,44,24,58,67,45,39,77,33,61,38,161,100,85,115,84,84,124,96,122,90,52,23,76,104,94,83,24,110,76,59,45,41,22,70,82,60,57,55,61,70,66,47,99,55,54,52,73,70,44,65,96,67,71,59,101,140,57,54,109,49,93,93,114,103,107,103,42,73,81,32,75,47,48,69,45,51,74,49,71,65,75,27,25,70,13,16,39,50,59,46,89,65,111,62,61,103,61,42,72,103,94,97,143,82,92,81,131,36,48,76,72,52,93,112,65,79,70,63,61,66,92,81,76,79,69,69,,74,75,74,58,34,29,43,53,51,43,65,43,43,62,39,61,95,,53,98,56,,81,83,52,61,60,72,83,61,61,74,88,62,59,105,50,57,62,47,70,93,80,72,73,70,66,76,57,51,63,67,96,97,74,44,47,29,164,42,60,68,76,26,42,47,49,46,94,92,55,74,53,38,48,34,20,68,46,59,35,64,67,16,23,11,52,68,75,29,96,20,72,50,49,52,85,63,52,94,39,33,65,69,33,72,54,71,46,65,49,71,41,46,144,53,80,47,72,87,141,107,107,116,52,47,78,34,121,86,62,117,94,98,46,93,74,61,75,118,125,95,73,101,82,96,92,95,95,75,82,77,85,82,83,51,,83,85,82,69,63,96,87,79,94,74,86,80,79,,133,90,79,112,32,94,110,98,85,56,63,69,66,131,39,65,84,95,143,97,55,123,56,75,53,
20161120,16,O3_8h,4,36,21,13,40,4,31,59,45,20,58,37,13,21,41,43,59,53,49,50,26,27,49,74,24,16,29,21,30,63,57,67,52,12,24,28,24,18,21,58,66,30,30,19,16,22,42,23,22,61,11,17,24,79,80,61,66,52,59,83,70,52,25,40,7,27,71,62,49,10,55,39,34,29,28,12,39,42,27,48,46,44,37,29,36,15,46,39,39,65,56,27,41,61,63,61,31,66,87,46,39,82,26,72,23,64,54,59,62,20,41,43,18,21,23,38,58,36,44,67,38,59,51,56,19,18,28,8,5,24,15,41,30,60,53,87,45,34,88,34,32,33,46,41,47,85,36,50,29,87,16,24,45,19,15,61,102,41,51,62,48,36,55,85,60,69,68,62,57,,70,70,69,19,27,25,36,43,33,27,29,20,32,55,27,32,16,,25,14,8,,46,40,31,27,16,25,39,50,58,56,62,59,55,83,32,44,50,29,62,86,67,62,64,64,61,68,49,41,47,60,75,64,59,36,34,17,59,27,42,39,67,12,23,30,27,35,71,36,20,31,44,24,14,2,10,13,21,26,25,13,28,12,13,6,6,11,57,13,10,13,56,35,26,38,64,46,38,42,8,15,29,55,19,38,42,50,29,29,35,50,26,24,76,27,59,28,39,41,76,59,36,45,22,27,67,8,61,51,48,65,65,78,40,62,48,32,47,80,88,81,47,67,51,71,65,51,68,45,52,59,55,54,46,36,,61,43,47,47,27,56,46,53,80,40,78,63,49,,82,76,42,87,17,68,77,68,73,32,51,56,36,49,26,35,31,46,42,43,51,114,21,58,46,
20161120,16,O3_8h_24h,8,40,21,34,42,5,31,68,45,20,58,37,13,21,41,44,59,53,49,54,32,31,49,74,24,19,29,28,37,63,57,67,52,20,35,28,35,23,33,59,70,81,30,19,17,45,42,23,22,61,11,59,24,79,81,61,66,52,59,83,70,52,25,43,7,27,71,62,49,10,55,39,34,29,28,12,39,49,53,49,46,44,37,29,37,15,46,39,39,67,56,27,42,61,64,61,46,66,130,49,39,82,26,72,23,64,56,59,62,20,41,48,18,22,23,39,63,40,44,67,41,61,54,61,19,20,28,11,5,24,27,41,30,60,53,87,46,34,88,34,32,33,46,41,47,85,36,50,30,87,16,27,45,19,15,73,102,41,52,62,48,36,55,85,60,70,68,62,57,,70,70,69,20,28,25,36,43,37,32,29,31,32,55,31,44,95,,25,37,8,,46,40,31,27,16,25,39,54,58,56,62,59,55,99,34,46,50,29,62,86,77,65,66,64,61,68,50,41,47,60,75,83,59,36,35,22,82,34,44,40,71,15,23,45,27,46,71,41,53,62,46,34,14,2,10,27,40,33,25,40,28,12,13,6,11,17,58,13,10,14,59,35,46,41,64,59,38,56,8,24,40,55,19,38,42,57,32,31,35,50,35,24,76,27,59,28,39,41,76,59,37,45,22,32,69,13,61,51,49,68,66,78,40,62,48,32,47,80,88,82,47,67,51,71,65,51,70,45,52,59,55,54,46,36,,61,43,47,47,28,56,46,53,80,40,78,65,49,,82,78,42,87,29,68,77,68,73,32,51,56,36,49,28,54,43,49,42,43,51,114,21,63,46,
20161120,16,CO,1.62,1.08,0.92,1.92,0.42,2.00,0.47,0.73,0.38,1.50,0.67,1.25,1.08,2.21,0.73,0.68,0.66,0.97,0.66,0.94,1.51,1.19,0.83,0.60,0.84,1.10,1.01,1.10,1.10,0.90,0.48,0.30,0.55,1.27,1.07,0.92,1.50,1.20,1.15,0.73,1.00,1.05,1.33,1.00,1.49,0.68,0.37,1.53,1.13,0.35,3.11,1.93,1.17,0.85,0.70,0.60,0.71,0.70,0.67,0.88,0.82,1.23,0.84,0.43,1.68,1.08,0.46,0.62,0.53,2.22,2.57,1.00,1.50,0.88,1.15,1.23,1.16,0.82,0.98,0.97,0.67,1.20,0.57,0.35,1.50,2.70,1.03,0.84,0.68,0.38,0.67,1.00,0.83,0.37,0.37,1.10,0.86,1.00,0.57,0.60,0.85,0.87,0.80,0.90,1.00,0.95,0.93,1.00,0.53,1.20,1.20,1.38,3.55,3.13,1.07,0.75,0.52,0.52,0.80,0.68,0.70,0.45,0.76,1.67,1.25,1.37,3.57,3.10,3.10,2.83,2.40,2.47,1.60,1.45,1.28,1.60,1.70,1.17,0.43,0.87,0.50,0.70,1.24,1.56,0.40,1.07,0.90,0.94,0.65,0.50,1.45,2.20,1.33,1.53,1.60,1.20,0.60,1.30,1.50,1.23,0.60,0.80,0.40,0.20,0.25,0.55,0.25,0.45,0.50,,0.40,0.25,0.15,1.13,0.90,1.10,0.85,1.05,1.10,1.60,1.30,1.60,1.45,0.85,1.30,1.20,1.45,,1.30,1.95,3.20,,1.62,1.28,2.33,2.40,2.30,1.05,1.23,0.50,,0.25,0.25,0.47,0.45,0.90,0.70,0.70,0.28,0.82,0.53,0.20,1.65,0.40,0.95,0.50,1.00,0.73,0.53,0.70,0.50,0.63,0.80,0.60,1.10,0.40,1.23,1.50,1.00,1.68,1.33,1.30,1.25,1.15,0.80,1.25,1.30,2.30,1.17,0.75,0.87,0.70,0.70,0.80,0.90,2.25,1.27,1.02,1.10,1.30,1.05,1.35,1.20,4.13,2.75,2.60,3.27,2.50,1.84,1.10,2.37,2.12,1.87,2.10,1.40,1.40,1.15,1.30,1.33,2.17,1.60,1.42,1.08,0.93,1.62,0.67,1.20,1.47,1.05,0.75,0.60,0.83,0.60,0.80,0.35,0.60,0.70,0.60,0.60,1.50,0.77,0.80,0.97,0.43,1.37,2.15,0.63,1.25,0.65,0.25,0.65,0.93,0.33,0.42,1.05,0.35,0.95,0.60,0.30,0.80,0.75,0.20,0.20,0.55,0.75,0.17,0.30,0.45,0.60,0.70,0.55,0.65,0.85,0.35,0.35,0.30,,0.20,1.17,1.00,1.45,1.30,0.80,1.20,0.60,0.50,1.15,0.40,0.90,0.60,,1.00,,1.10,0.80,0.50,0.50,0.70,0.20,0.40,1.47,0.60,0.45,1.20,0.50,0.85,1.60,0.85,1.20,1.03,0.95,0.83,0.70,1.20,1.55,,
20161120,16,CO_24h,1.57,1.24,2.33,1.82,0.48,3.05,1.68,0.53,0.75,1.43,0.90,1.80,2.25,2.16,1.17,0.54,0.86,1.08,0.99,1.27,1.43,1.51,1.03,1.10,1.48,1.30,1.49,1.33,1.30,1.40,1.18,0.93,1.20,1.42,1.13,1.02,1.60,1.30,1.35,0.67,1.07,1.05,1.50,0.90,1.54,0.80,0.60,1.73,1.86,0.60,3.05,1.50,1.19,1.12,0.77,0.63,0.95,0.73,0.87,1.06,0.90,1.23,0.83,0.53,1.62,1.98,0.91,1.06,1.05,2.07,2.13,2.30,1.85,1.10,1.08,1.17,1.90,0.84,0.72,1.13,0.60,1.15,0.87,1.10,1.27,2.70,1.10,1.34,1.02,0.42,0.90,2.00,1.47,0.83,0.40,0.93,0.92,1.05,0.63,0.73,1.15,1.00,0.90,1.15,1.25,1.35,1.37,1.00,1.83,2.87,1.45,3.06,3.77,2.25,1.68,0.80,0.57,0.67,0.94,0.74,1.10,0.56,0.94,1.93,1.45,1.47,3.88,5.50,3.10,4.47,2.20,1.73,1.54,1.40,1.30,1.60,1.57,1.10,0.53,0.92,0.60,1.18,1.50,1.76,0.80,1.83,1.35,1.16,0.95,0.85,1.45,1.67,2.13,1.37,1.53,1.05,0.80,1.13,1.50,1.23,0.85,1.50,0.45,0.60,0.55,0.60,0.40,0.55,0.65,,0.55,0.35,0.30,1.33,1.20,1.40,1.45,1.25,1.30,1.40,1.65,1.75,1.80,1.00,1.40,1.20,1.35,,1.00,1.35,3.07,,2.70,1.22,2.00,2.78,2.00,1.20,1.63,0.70,,0.45,0.75,0.57,0.40,0.80,0.86,0.63,0.30,0.93,0.70,0.20,1.35,0.55,0.90,0.65,1.17,1.00,0.77,0.70,0.45,0.57,0.50,0.85,0.90,0.70,1.28,1.35,1.53,1.38,1.07,1.33,1.15,1.15,1.30,1.10,1.85,1.40,1.47,0.90,1.17,0.77,0.73,0.80,1.05,2.20,1.27,0.93,1.02,0.67,1.35,1.32,1.15,4.57,4.08,3.13,2.97,1.85,1.98,1.83,1.87,1.76,1.77,2.00,1.53,1.17,1.50,1.30,1.43,1.87,1.55,1.48,1.20,1.00,1.35,0.73,1.30,1.57,1.25,0.85,0.73,0.93,0.77,0.95,0.65,0.80,0.90,0.75,0.75,1.43,0.87,1.13,1.33,0.73,1.73,1.90,0.80,1.25,1.13,0.50,0.75,0.95,0.67,0.57,1.05,0.80,1.35,0.70,0.60,1.05,1.05,0.30,0.30,0.65,1.05,0.30,0.65,0.75,0.40,0.80,0.70,1.00,1.50,0.60,0.90,1.20,,0.25,1.70,2.43,1.60,0.80,1.15,1.40,1.40,0.55,1.60,0.60,1.00,1.10,,1.95,0.70,2.20,0.80,0.40,0.60,1.00,0.50,0.50,1.60,1.00,0.55,1.80,1.45,1.00,2.10,1.30,1.20,1.80,1.50,1.10,0.80,1.70,1.60,0.10,
20161120,17,AQI,79,60,151,81,36,156,96,54,24,66,56,88,116,206,93,68,26,43,51,34,37,27,30,47,67,58,37,29,34,51,48,53,41,42,54,76,43,44,48,59,29,58,91,100,86,50,51,47,71,51,287,80,104,65,46,40,60,46,53,53,61,134,51,29,145,84,49,52,69,196,169,69,109,31,99,113,94,87,71,42,42,48,20,45,123,157,71,47,70,41,70,50,60,54,33,71,17,53,48,36,46,40,30,42,16,47,46,68,31,67,68,103,222,279,93,51,40,44,55,41,37,40,30,123,37,65,265,240,233,257,248,250,219,144,88,90,110,37,27,51,19,90,95,56,115,126,120,83,103,45,170,147,91,177,201,83,60,153,28,85,60,58,55,47,46,45,54,39,44,,48,34,42,64,21,32,33,32,19,35,37,41,46,20,50,29,43,,85,210,102,,106,111,184,183,119,111,99,29,24,126,40,27,26,116,55,45,36,75,39,23,20,24,27,40,23,37,54,54,46,56,79,43,119,23,83,54,108,116,110,51,41,18,78,60,70,252,51,19,21,20,21,28,63,59,56,61,30,31,88,68,136,262,234,124,210,262,111,75,240,111,151,135,81,160,61,57,109,95,88,80,65,111,24,55,68,70,93,40,39,33,21,43,75,19,49,16,44,109,84,75,78,98,95,111,78,76,94,23,38,33,61,29,41,49,30,49,52,34,51,29,22,50,26,42,27,30,25,32,38,46,34,26,26,45,40,52,96,86,118,119,97,103,109,78,138,55,96,85,,49,45,85,46,67,63,33,30,52,136,114,73,83,33,40,40,87,426,470,395,29,38,81,35,17,
20161120,17,PM2.5,53,43,116,52,22,119,72,21,17,48,35,62,88,156,14,49,14,30,35,24,23,12,17,14,27,41,25,16,24,25,14,13,15,25,35,56,30,31,28,42,20,30,68,75,64,18,17,21,52,10,237,55,78,47,27,22,41,30,37,36,35,102,30,9,111,55,20,16,30,147,114,32,82,22,74,85,20,34,52,13,27,28,6,19,93,120,44,30,35,13,30,25,41,14,12,32,10,32,27,23,28,26,21,26,11,33,32,46,13,44,24,77,172,229,69,34,21,23,39,25,26,24,20,93,19,47,215,190,183,207,198,200,169,110,65,67,83,26,13,36,8,50,71,25,87,96,79,61,77,17,129,104,55,134,151,15,28,44,15,17,25,31,17,11,10,19,23,16,14,,16,12,16,27,12,13,11,15,13,24,20,24,32,9,25,20,30,,56,160,70,,80,84,139,138,90,76,51,20,17,17,14,18,13,51,35,31,25,55,27,10,8,15,10,23,14,24,38,37,32,40,48,30,90,16,61,38,81,88,83,28,29,11,57,43,51,202,33,13,9,14,13,17,45,35,39,44,21,22,65,49,104,212,184,94,160,212,84,52,190,84,116,103,60,122,44,39,82,71,65,59,47,84,11,30,40,51,69,25,17,20,12,16,55,13,26,11,31,48,62,54,57,64,54,84,52,56,45,7,21,19,43,14,10,34,11,34,25,9,35,12,7,12,5,14,14,11,3,22,11,22,16,4,11,29,7,12,72,37,89,90,49,55,24,19,68,17,61,29,,32,10,41,21,32,9,7,3,19,100,56,29,57,21,18,24,56,136,183,121,16,17,60,9,4,
20161120,17,PM2.5_24h,92,46,179,49,24,139,115,19,25,50,44,89,130,106,29,27,27,36,54,70,40,49,47,45,69,64,69,56,42,60,51,41,60,77,67,74,56,61,65,50,45,74,110,51,51,28,46,44,93,33,221,67,51,48,28,24,53,29,40,40,36,81,27,14,91,104,44,33,63,129,81,75,69,34,49,50,44,22,41,27,22,34,46,63,70,133,34,59,61,18,35,63,79,54,15,26,30,48,32,32,44,39,36,33,43,72,80,44,19,166,37,116,161,112,72,36,24,32,38,25,55,34,40,98,44,52,224,231,185,226,174,120,93,87,57,57,56,51,25,28,10,82,95,44,118,168,127,72,76,22,125,72,54,87,124,37,24,49,24,29,36,96,26,28,29,21,19,17,22,,15,12,13,60,62,60,51,61,40,90,62,61,61,45,72,88,64,,37,122,159,,122,74,78,118,59,94,49,32,17,21,15,23,11,27,39,32,28,49,30,20,26,33,31,36,19,33,40,31,24,31,33,41,61,12,76,68,88,55,44,32,56,94,99,36,95,76,63,32,15,18,18,24,59,51,69,51,25,42,74,55,78,207,219,175,159,177,116,102,170,66,100,137,64,102,58,43,75,77,57,45,47,50,13,50,39,30,50,39,19,31,20,26,64,26,43,17,37,43,69,87,79,82,46,72,58,43,51,23,32,32,58,22,23,83,24,41,44,16,69,11,28,13,23,28,31,27,13,26,18,40,54,18,64,64,27,14,83,68,80,66,67,61,81,37,48,28,60,61,,54,54,91,19,42,23,30,18,19,73,51,32,53,33,25,20,76,89,143,90,32,22,44,15,11,
20161120,17,PM10,108,60,165,111,36,240,134,58,23,82,61,126,134,271,135,68,26,28,52,29,37,19,30,47,84,47,37,29,34,51,48,56,41,42,57,87,43,36,48,64,29,65,82,98,65,50,52,47,89,51,310,109,97,78,46,40,69,46,49,55,72,149,51,29,151,117,49,54,87,261,288,88,163,15,124,167,137,124,64,42,42,48,20,45,154,220,92,47,90,41,89,50,70,57,33,92,7,55,48,36,46,40,30,42,12,43,41,85,18,84,85,116,262,295,114,51,40,44,43,41,28,40,30,176,37,68,320,254,274,280,245,274,202,151,76,118,124,34,27,47,19,129,105,61,137,123,189,107,116,45,236,243,132,234,254,116,69,256,28,120,69,65,59,47,46,45,58,39,44,,48,34,42,77,21,32,33,32,,35,37,41,43,20,50,29,42,,120,313,153,,101,122,218,231,170,172,148,24,,202,40,27,26,182,60,45,36,80,25,11,13,24,27,40,23,37,52,58,39,50,107,38,113,20,90,56,67,119,118,52,33,18,58,55,49,250,51,14,18,19,21,28,71,67,61,60,29,30,91,71,159,345,287,125,264,363,137,99,340,138,143,102,87,156,64,63,103,104,83,64,68,134,24,59,85,82,94,40,39,33,21,43,89,14,49,16,35,168,82,100,106,145,140,143,106,94,137,17,38,33,72,22,41,47,30,48,54,22,52,23,22,50,17,42,27,30,18,32,38,46,34,24,26,45,40,54,132,122,132,160,144,156,168,106,226,60,141,120,,49,45,119,46,84,75,27,20,53,221,178,95,115,33,40,40,124,526,570,496,29,25,60,35,17,
20161120,17,PM10_24h,145,55,260,85,41,285,166,78,64,76,67,156,207,204,87,36,41,48,65,80,63,101,93,76,111,81,116,99,67,87,95,80,68,112,110,117,77,90,105,87,67,128,138,75,66,70,86,73,142,71,268,89,73,85,45,38,83,47,69,64,70,117,47,33,134,186,93,91,181,250,257,246,151,41,78,92,111,73,52,52,33,48,62,82,110,226,66,92,100,43,75,85,100,85,39,63,54,77,49,54,79,63,59,55,54,98,118,78,42,216,101,183,250,217,115,50,36,46,50,65,69,54,55,154,68,83,346,357,223,340,229,211,125,132,75,93,83,65,45,41,27,147,138,96,194,221,216,108,130,65,236,166,133,207,235,125,71,155,37,79,63,157,57,56,49,43,49,39,51,,34,38,37,131,103,98,113,115,65,126,89,107,91,68,150,130,86,,64,191,251,,171,133,157,223,145,230,116,46,22,59,42,33,26,103,65,46,38,83,57,23,35,43,41,48,28,45,65,49,42,38,69,45,73,27,105,102,101,78,63,62,78,132,88,53,109,103,78,52,34,38,33,45,102,92,115,75,39,67,119,76,132,318,335,223,211,262,182,189,263,107,130,148,92,134,88,60,101,112,81,62,65,86,28,77,72,48,96,60,36,52,33,45,99,46,63,24,58,175,90,126,124,123,143,127,101,73,126,51,51,53,103,32,61,103,72,64,75,41,104,23,49,33,40,50,57,48,27,55,35,47,105,44,88,63,62,39,177,177,119,183,189,173,190,87,169,81,159,149,,129,133,333,58,88,66,93,41,43,153,131,105,123,58,53,39,198,385,405,277,35,46,55,40,23,
20161120,17,SO2,5,12,24,63,13,42,25,12,7,8,28,39,22,164,22,77,18,38,51,12,10,11,14,8,16,9,12,7,10,10,6,10,8,8,10,16,18,8,6,10,7,18,13,10,11,5,12,12,25,11,20,11,12,12,6,11,15,10,14,9,7,17,11,3,16,13,10,16,5,46,39,19,164,9,19,20,14,29,57,12,41,73,8,9,26,20,30,18,19,8,13,24,31,10,5,76,6,11,8,6,9,8,8,6,6,10,12,12,10,26,22,36,258,44,43,58,30,16,65,16,68,16,14,12,6,19,24,33,27,39,29,42,27,20,10,20,13,10,9,9,1,12,24,66,22,19,17,9,15,9,52,88,53,23,37,20,14,86,6,5,18,18,5,6,17,11,7,6,8,,5,5,6,7,7,15,17,10,12,10,6,9,22,8,6,5,19,,65,10,16,,30,89,164,78,148,133,63,9,4,14,26,19,10,50,99,34,14,64,9,13,8,7,20,6,10,11,11,21,7,13,21,44,17,31,10,12,12,40,14,10,43,20,11,10,14,50,23,6,6,13,5,6,4,33,40,18,12,21,27,7,21,26,18,7,25,9,21,7,14,43,15,9,18,23,4,8,4,9,29,8,29,14,18,16,19,10,9,5,13,9,22,6,29,9,5,17,12,52,13,16,11,18,29,22,15,6,9,10,33,24,16,15,15,12,12,5,6,7,12,7,3,6,15,13,9,9,8,4,17,13,6,4,10,23,12,6,11,15,26,93,15,47,13,7,32,6,85,18,,47,3,17,17,16,21,14,8,19,210,55,10,43,6,6,24,19,3,16,10,29,25,102,10,12,
20161120,17,SO2_24h,6,13,39,50,16,62,38,13,12,6,19,34,34,144,37,50,30,40,44,17,11,17,18,16,16,12,20,16,13,13,9,13,11,14,13,22,20,12,11,13,9,18,16,10,11,7,15,16,24,18,30,10,14,19,8,13,18,17,19,15,9,22,10,4,19,22,16,21,9,31,38,39,125,21,20,18,33,22,28,18,29,85,11,13,26,25,20,30,19,15,19,25,36,17,7,28,8,16,8,9,13,12,9,12,10,20,26,14,28,36,63,88,236,71,83,46,17,23,61,17,47,20,19,15,9,21,42,52,37,38,30,27,23,19,11,10,12,11,10,8,2,14,27,51,26,23,19,12,15,15,32,35,57,24,35,36,12,134,8,5,19,23,9,10,17,15,8,8,18,,4,6,7,10,14,23,26,17,15,17,15,14,24,11,8,10,24,,48,11,20,,79,95,176,102,112,119,86,13,3,42,29,9,17,26,88,45,13,106,20,17,13,12,17,9,8,16,15,26,8,13,7,38,18,14,11,15,16,26,15,8,20,22,12,14,14,25,24,10,8,11,8,6,8,34,43,21,13,21,28,8,30,48,31,26,34,11,20,9,18,21,17,11,12,17,7,7,6,10,30,10,25,15,19,17,14,10,8,6,10,11,19,12,19,10,8,8,22,28,16,21,42,18,27,12,17,5,12,14,36,32,21,24,14,12,22,8,18,11,31,9,4,4,25,22,12,11,9,2,9,16,7,6,14,31,52,5,18,39,25,25,82,70,48,14,27,12,91,46,,50,17,35,18,26,20,27,34,19,93,51,12,20,11,18,11,31,3,18,75,24,6,38,10,13,
20161120,17,NO2,42,46,46,62,31,64,47,20,35,47,46,58,60,81,21,49,25,43,57,40,45,53,17,17,33,13,40,39,17,22,14,20,24,52,67,84,50,49,51,18,15,63,44,60,47,44,38,50,60,16,87,65,39,75,23,32,49,21,34,26,28,73,46,11,84,46,21,22,18,82,101,51,56,28,34,47,19,44,46,22,42,47,26,21,65,33,46,30,24,25,29,40,37,14,15,44,33,33,7,7,43,10,20,7,25,34,32,34,15,38,19,42,85,92,25,41,26,27,30,25,35,18,23,49,46,51,61,66,63,82,72,55,57,54,29,30,21,25,9,19,7,33,33,31,28,35,28,34,36,14,67,76,58,69,63,5,23,38,11,16,35,25,13,12,24,16,21,19,27,,15,23,19,45,30,35,26,20,31,31,44,25,45,10,30,57,54,,72,64,36,,37,54,74,59,66,51,35,19,12,20,15,17,12,20,32,32,24,39,22,12,15,12,29,13,12,22,15,19,22,27,57,65,34,29,43,35,36,71,40,52,37,26,32,51,19,72,52,24,42,33,32,47,18,21,47,36,38,38,42,27,44,62,95,44,76,63,40,31,76,65,46,48,51,44,14,29,25,40,35,32,29,37,30,23,16,31,28,16,14,13,19,21,16,12,12,5,10,60,31,23,20,25,37,63,27,57,17,9,64,22,22,11,20,31,16,25,4,5,16,8,10,8,10,11,14,7,5,17,27,11,23,6,3,2,3,13,38,29,51,45,38,58,33,11,69,14,43,22,,41,4,39,6,17,8,6,7,16,80,29,25,37,27,20,2,42,18,22,10,17,12,37,14,7,
20161120,17,NO2_24h,55,37,67,48,31,83,63,21,41,37,34,56,67,72,46,32,31,34,51,56,40,68,27,28,41,13,53,44,29,34,26,27,32,65,68,84,44,47,60,24,16,55,61,41,45,47,46,42,60,31,88,43,37,75,33,47,60,52,50,40,32,75,36,11,59,71,44,42,47,66,83,64,64,43,32,40,49,39,32,19,25,39,40,39,41,36,37,35,30,18,25,63,42,27,8,19,25,28,6,12,39,14,27,14,51,31,42,44,29,62,33,67,59,73,28,31,19,24,28,18,30,22,29,55,41,44,84,83,73,87,56,54,44,51,24,24,18,32,10,27,12,54,45,54,38,67,44,42,43,34,65,56,58,53,59,26,34,44,16,19,28,35,20,19,30,16,19,14,19,,8,14,12,56,46,46,39,31,40,42,58,25,38,16,34,58,44,,40,48,54,,64,48,54,68,50,34,49,21,10,33,22,14,12,17,33,25,25,32,23,12,12,12,19,20,8,23,21,22,25,28,37,37,27,16,40,31,44,52,39,40,39,33,35,43,36,54,52,29,30,25,29,38,21,30,51,30,25,22,38,25,52,75,102,77,69,49,40,47,61,46,40,42,36,35,9,23,33,30,25,29,21,27,34,24,15,20,20,18,17,22,21,32,24,17,26,10,23,49,38,40,46,52,32,47,31,38,35,19,62,32,39,13,15,32,37,33,23,15,32,13,19,17,30,12,23,19,16,24,18,20,44,19,29,28,38,16,39,54,41,39,51,59,54,22,78,25,42,43,,68,27,64,13,15,19,18,27,15,51,29,29,53,42,33,21,55,31,45,34,22,15,37,13,10,
20161120,17,O3,11,20,21,9,33,3,17,61,39,8,43,22,12,33,55,33,66,31,28,48,15,29,68,81,40,22,32,21,51,88,72,74,58,14,21,21,15,12,26,63,69,14,33,10,16,21,49,18,19,76,5,7,39,104,89,74,66,82,56,83,68,88,48,26,13,85,96,92,70,14,39,65,44,44,44,15,57,38,23,49,33,33,31,68,13,5,39,39,49,59,53,38,48,75,62,32,22,70,82,51,17,63,27,64,29,46,41,100,100,35,48,64,22,14,29,27,54,39,39,59,29,58,48,50,4,13,38,5,2,23,10,58,40,75,53,97,53,52,77,57,31,80,98,86,97,147,86,94,69,117,27,26,61,40,22,81,100,53,55,67,42,36,61,91,71,68,68,62,50,,64,62,63,21,33,26,50,53,41,36,27,17,23,64,26,28,5,,4,15,6,,64,46,33,51,25,43,48,52,56,64,75,55,58,76,35,36,44,21,58,75,64,62,51,61,53,58,57,43,52,57,52,43,55,39,34,16,35,22,51,39,59,15,20,28,48,24,52,36,13,22,26,14,12,2,4,9,20,17,26,13,39,6,5,4,3,7,55,23,8,5,59,37,21,41,61,34,41,40,7,15,27,59,18,37,48,44,35,30,40,42,29,22,141,34,73,33,72,61,127,101,108,116,49,35,68,7,125,74,58,97,79,94,39,86,70,35,74,110,117,93,68,89,82,82,84,91,80,74,75,61,77,83,83,50,101,78,65,65,42,36,95,76,66,93,72,84,63,72,,133,58,81,107,31,81,105,95,77,19,52,62,52,66,39,53,53,58,41,63,52,120,20,74,53,
20161120,17,O3_24h,23,54,34,43,48,6,39,71,59,25,68,46,18,47,66,54,79,61,58,69,45,41,68,83,41,24,47,39,53,88,75,77,58,42,69,43,105,56,51,70,127,86,40,36,22,62,62,44,39,78,17,61,40,161,101,84,114,86,84,124,96,109,71,52,16,86,104,95,83,18,98,76,56,46,44,21,64,74,60,57,53,56,67,68,47,99,55,54,54,73,70,44,65,96,67,71,52,88,140,56,54,109,37,93,62,91,80,107,104,42,64,81,30,54,42,48,69,45,51,74,49,71,65,75,27,25,44,13,11,39,38,59,46,89,65,111,62,62,100,62,42,80,103,90,101,149,87,96,81,130,33,42,76,51,30,82,112,58,77,67,63,61,66,92,81,76,79,69,69,,74,75,74,43,35,30,50,53,51,43,60,43,43,65,39,53,95,,53,83,43,,81,71,52,56,30,72,75,61,61,68,76,62,59,105,45,57,62,43,70,93,80,72,73,70,66,76,60,51,63,67,96,97,74,44,47,29,164,42,60,59,77,26,39,47,48,46,94,73,55,62,53,38,34,10,17,56,45,54,35,54,54,16,23,9,34,59,75,29,82,20,72,50,49,52,85,63,52,94,35,31,53,69,31,57,54,64,46,50,49,71,39,46,141,47,80,41,72,85,128,106,108,117,53,45,79,16,125,86,62,108,92,95,46,90,73,48,75,118,125,94,73,101,83,96,92,95,98,75,81,77,85,83,83,51,109,83,85,78,69,53,98,81,79,94,74,86,80,79,,134,90,81,108,32,94,108,98,84,52,62,69,62,131,40,61,82,92,143,97,55,123,56,78,53,
20161120,17,O3_8h,5,35,23,13,39,4,31,61,46,19,58,36,13,24,47,43,64,52,47,52,23,28,52,76,27,17,31,21,32,67,61,70,54,12,24,30,23,17,22,61,68,27,32,20,16,25,44,22,23,67,11,16,28,91,86,66,73,60,63,91,75,63,30,40,8,37,81,72,55,11,49,46,38,32,32,13,45,45,26,51,45,45,38,36,34,16,47,42,41,66,60,31,44,67,64,59,30,68,88,48,38,84,29,73,26,68,57,70,74,23,45,50,20,21,24,39,60,37,45,68,39,62,53,55,17,17,31,7,5,26,15,46,34,66,54,91,48,41,88,40,35,42,57,51,59,98,47,59,37,99,19,25,51,24,17,65,103,44,52,61,49,39,59,86,66,71,70,63,60,,70,71,69,21,29,25,37,46,33,28,31,19,32,59,28,31,13,,25,15,8,,53,43,34,32,19,30,43,52,58,60,65,60,56,82,34,46,51,31,63,85,70,64,64,65,61,69,51,43,52,60,75,62,61,37,35,17,46,26,45,40,66,13,23,30,31,35,71,37,19,31,41,25,14,2,10,13,21,25,26,14,32,11,13,6,6,11,59,15,10,12,58,37,26,41,68,45,40,46,8,15,30,58,20,36,44,49,30,30,37,51,28,25,92,29,65,30,47,48,87,71,49,59,28,29,67,8,76,59,51,75,71,84,41,68,55,34,56,89,101,86,55,75,61,79,74,61,75,53,59,63,62,62,56,41,69,67,50,54,51,30,66,53,61,84,48,80,65,57,,93,74,52,95,19,75,87,78,75,34,52,62,40,54,29,39,36,48,41,47,50,116,23,61,47,
20161120,17,O3_8h_24h,8,40,23,34,42,5,31,68,46,20,58,37,13,24,47,45,64,53,49,56,32,31,52,76,27,19,31,28,37,67,61,70,54,20,35,30,35,23,34,61,72,81,32,20,17,48,44,23,24,67,11,59,28,91,87,66,73,60,63,91,76,63,30,44,8,37,81,72,55,11,49,46,38,32,32,13,45,50,53,51,46,45,38,36,37,16,47,42,41,68,60,31,44,67,64,61,46,68,132,50,39,84,29,73,26,68,57,70,74,23,45,53,20,22,24,40,64,41,45,68,42,62,55,61,19,20,31,11,5,26,27,46,34,66,54,91,48,41,89,40,35,42,57,51,59,98,47,59,37,99,19,28,51,24,17,75,103,44,53,61,49,39,59,86,66,72,70,63,60,,70,71,69,22,29,26,37,46,37,32,31,31,32,59,31,44,95,,25,37,8,,53,43,34,32,19,30,43,55,58,60,65,60,56,99,35,46,51,31,63,86,77,65,67,65,62,69,51,43,52,60,75,83,61,37,36,23,83,34,47,41,71,15,23,45,31,46,72,41,53,62,46,34,14,2,10,27,40,33,26,40,32,12,13,6,11,17,59,15,10,14,61,37,46,42,68,59,40,56,8,24,40,58,20,37,44,57,32,32,37,51,35,25,92,29,65,30,47,48,87,71,49,59,28,33,71,13,76,59,51,75,71,84,41,68,55,34,56,89,101,86,55,75,61,79,74,61,75,53,59,63,62,62,56,41,69,67,50,54,51,30,66,53,61,84,48,80,67,57,,93,78,52,95,29,75,87,78,75,34,53,62,40,54,29,54,43,49,42,47,51,116,23,65,47,
20161120,17,CO,1.30,1.13,0.92,2.15,0.48,1.93,0.80,0.50,0.45,1.57,0.80,1.20,1.00,2.27,0.72,0.64,0.66,1.09,0.86,0.95,1.53,1.16,0.75,0.60,0.66,1.00,1.04,1.07,0.93,0.70,0.52,0.33,0.55,1.23,1.06,1.02,1.50,1.20,1.15,0.73,0.97,1.05,1.33,1.20,1.53,0.73,0.47,1.58,1.51,0.29,3.21,1.99,1.17,0.90,0.70,0.60,0.73,0.67,0.77,0.90,0.78,1.17,0.83,0.48,1.63,1.08,0.47,0.62,0.47,2.14,1.53,1.10,1.10,0.80,1.13,1.18,1.16,0.92,0.85,1.02,0.67,1.25,0.60,0.38,1.57,3.10,1.10,0.84,0.54,0.36,0.67,0.55,0.67,0.40,0.40,1.00,0.92,1.15,0.60,0.67,0.90,0.77,0.80,0.95,0.95,1.35,1.03,0.95,0.67,1.27,1.22,1.56,4.10,3.12,0.85,0.82,0.52,0.55,0.76,0.76,0.82,0.55,0.74,1.67,1.27,1.37,3.03,2.80,3.10,3.20,2.47,2.50,1.62,1.50,1.32,1.70,1.70,1.05,0.43,0.87,0.55,0.70,1.22,1.04,0.33,1.13,0.88,0.86,0.72,0.55,1.50,2.50,1.53,1.50,1.60,1.20,0.60,0.87,1.48,1.45,0.70,0.90,0.40,0.20,0.25,0.55,0.25,0.55,0.60,,0.45,0.35,0.25,1.07,0.90,1.10,0.80,1.00,1.05,1.07,1.20,1.75,1.50,0.75,1.35,1.30,1.50,,1.50,2.00,2.47,,1.56,1.30,2.57,2.27,2.55,1.65,1.00,0.57,,0.25,0.30,0.47,0.50,0.65,0.72,0.63,0.35,0.93,0.53,0.30,1.55,0.45,1.15,0.50,1.07,0.80,0.43,0.57,0.50,0.67,0.90,0.95,1.10,0.50,1.12,1.50,0.90,1.60,1.37,1.40,1.25,1.30,0.80,1.18,1.15,2.30,1.17,0.80,0.97,0.80,0.70,0.80,0.95,2.22,1.40,1.13,1.13,1.28,1.13,1.38,1.20,3.90,3.15,2.47,3.40,2.47,1.88,1.07,2.43,2.30,1.90,2.10,1.47,1.43,1.45,1.30,1.33,2.13,1.45,1.40,1.13,1.00,1.57,0.65,1.22,1.45,1.10,0.80,0.57,0.77,0.60,0.85,0.45,0.65,0.75,0.65,0.60,1.60,0.77,0.82,0.93,0.47,1.37,3.18,0.67,1.40,0.68,0.25,0.60,0.77,0.40,0.47,1.05,0.35,1.05,0.70,0.40,0.75,0.65,0.20,0.20,0.55,0.75,0.27,0.35,0.40,0.60,0.70,0.80,0.60,1.05,0.40,0.30,0.30,0.50,0.20,1.27,1.10,1.50,1.25,0.75,1.25,0.60,0.10,1.20,0.40,1.00,0.65,,1.15,0.40,1.20,0.70,0.50,0.40,0.70,0.20,0.40,2.53,0.70,0.50,1.25,0.45,0.80,1.50,0.80,1.00,1.10,0.85,0.83,0.90,1.50,1.55,,
20161120,17,CO_24h,1.55,1.20,2.23,1.90,0.48,3.03,1.62,0.53,0.72,1.50,0.90,1.80,2.20,2.20,1.18,0.55,0.85,1.09,0.99,1.25,1.41,1.51,1.03,1.00,1.48,1.30,1.47,1.30,1.27,1.33,1.14,0.90,1.20,1.42,1.13,1.02,1.60,1.30,1.35,0.67,1.07,1.05,1.50,0.85,1.54,0.77,0.60,1.73,1.86,0.58,3.14,1.51,1.19,1.12,0.77,0.60,0.95,0.73,0.87,1.08,0.90,1.23,0.83,0.50,1.64,1.98,0.91,1.06,1.07,2.09,1.97,2.25,1.85,1.08,1.10,1.17,1.88,0.86,0.78,1.10,0.60,1.20,0.87,1.05,1.23,2.70,1.07,1.26,0.96,0.42,0.87,1.90,1.43,0.80,0.40,0.93,0.90,1.05,0.63,0.73,1.15,1.00,0.90,1.15,1.25,1.35,1.35,1.00,1.77,2.77,1.45,3.06,3.77,2.35,1.65,0.80,0.57,0.67,0.96,0.74,1.10,0.56,0.94,1.93,1.43,1.47,3.93,5.40,3.10,4.53,2.23,1.80,1.56,1.45,1.30,1.60,1.57,1.05,0.53,0.93,0.60,1.18,1.50,1.74,0.80,1.83,1.35,1.16,0.95,0.90,1.45,1.67,2.13,1.44,1.60,1.05,0.70,1.13,1.50,1.40,0.85,1.40,0.40,0.50,0.50,0.60,0.40,0.55,0.60,,0.50,0.35,0.25,1.33,1.15,1.40,1.40,1.25,1.20,1.37,1.65,1.75,1.80,0.95,1.35,1.20,1.40,,1.00,1.40,3.07,,2.70,1.22,2.10,2.80,2.10,1.25,1.67,0.70,,0.45,0.75,0.57,0.40,0.80,0.88,0.63,0.30,0.97,0.70,0.20,1.40,0.55,0.90,0.65,1.10,1.00,0.77,0.70,0.45,0.57,0.50,0.85,0.90,0.60,1.28,1.35,1.50,1.40,1.10,1.37,1.10,1.15,1.30,1.10,1.75,1.50,1.47,0.90,1.17,0.73,0.73,0.80,1.05,2.17,1.23,0.93,1.02,0.67,1.33,1.35,1.15,4.47,3.97,3.13,3.00,1.90,1.98,1.83,1.90,1.76,1.80,2.05,1.50,1.20,1.50,1.30,1.43,1.90,1.55,1.48,1.18,0.97,1.35,0.72,1.30,1.57,1.25,0.85,0.73,0.93,0.77,0.95,0.65,0.80,0.90,0.75,0.75,1.43,0.83,1.13,1.30,0.73,1.73,1.98,0.80,1.25,1.13,0.50,0.75,0.95,0.67,0.57,1.05,0.75,1.35,0.80,0.60,1.05,1.05,0.30,0.30,0.65,1.05,0.30,0.65,0.75,0.40,0.80,0.75,1.00,1.50,0.60,0.90,1.20,1.05,0.25,1.70,2.43,1.60,0.85,1.15,1.40,1.30,0.50,1.60,0.55,1.05,1.10,,1.95,0.70,2.20,0.80,0.40,0.60,1.00,0.50,0.50,1.63,1.00,0.55,1.80,1.40,1.00,2.10,1.30,1.20,1.80,1.50,1.03,0.80,1.70,1.60,0.10,
20161120,18,AQI,61,60,133,86,41,156,110,61,29,73,65,99,108,225,107,66,30,56,66,34,36,26,29,51,60,53,29,33,37,44,48,53,40,46,52,83,49,33,44,59,30,52,89,103,59,35,53,51,101,50,272,84,104,64,37,33,59,44,56,48,59,128,52,17,148,87,49,53,65,191,188,82,106,25,98,115,136,89,70,43,51,56,16,49,126,194,70,53,64,41,66,53,58,54,35,74,18,59,46,42,51,47,41,51,18,53,55,80,29,70,70,93,233,249,71,71,45,46,51,50,43,58,36,106,21,73,230,221,211,276,243,254,223,138,85,114,128,41,36,43,23,93,103,56,99,141,123,81,94,46,186,153,98,183,221,135,56,120,29,76,64,60,46,48,41,48,55,45,53,,38,36,42,58,22,34,35,34,17,41,20,39,23,33,52,28,45,,87,202,61,,91,123,197,186,126,122,114,30,23,168,48,26,28,142,56,60,47,86,34,22,18,26,45,40,31,31,50,60,55,63,79,59,80,27,54,68,104,110,121,57,40,45,79,63,70,252,66,18,22,22,16,27,65,68,61,63,32,35,88,64,134,246,253,121,214,247,115,93,240,115,143,138,86,156,63,60,103,100,68,78,68,108,27,56,73,73,105,39,50,36,32,20,82,14,54,20,49,114,79,81,99,105,99,138,83,88,88,58,40,31,69,29,47,80,32,49,55,32,52,28,18,53,33,56,38,32,23,37,46,26,80,24,39,56,34,59,110,92,129,100,91,104,80,78,140,60,106,104,,73,36,80,50,64,45,33,28,56,117,141,81,91,29,31,39,98,446,427,256,74,40,88,32,23,
20161120,18,PM2.5,35,43,101,62,28,119,83,25,20,53,40,74,81,175,16,48,18,40,48,24,25,12,17,13,25,37,20,18,26,13,16,12,14,26,33,61,34,23,28,42,21,32,66,77,42,17,19,25,76,13,222,54,78,43,23,18,39,29,39,32,41,97,25,11,113,59,23,14,26,144,136,37,61,17,73,83,20,37,51,15,32,40,5,19,96,146,33,30,26,13,31,31,41,13,12,36,9,33,28,23,30,27,29,28,11,36,39,59,13,47,25,69,183,199,52,52,27,28,36,35,30,41,25,80,14,53,180,171,161,226,193,204,173,105,63,86,97,29,16,30,11,53,77,26,74,108,70,60,70,14,140,116,70,138,171,13,23,38,20,22,30,34,15,12,10,17,17,17,21,,18,13,13,16,13,19,18,17,8,29,14,27,16,19,25,18,29,,57,152,38,,68,93,148,140,96,90,50,18,16,31,15,18,11,68,35,43,30,64,24,15,7,17,20,25,18,22,34,43,39,45,58,42,59,19,31,49,78,83,92,28,28,28,58,45,51,202,48,12,12,14,10,19,40,43,41,43,22,24,65,46,102,196,203,92,164,195,87,69,190,87,109,105,64,119,45,38,77,75,44,57,49,81,16,37,47,53,79,27,20,19,15,14,58,5,38,14,34,45,58,59,74,79,55,105,53,65,41,17,20,17,45,17,16,59,12,34,30,10,27,11,9,5,8,21,18,14,6,11,10,18,59,6,27,40,4,13,83,46,98,75,60,60,29,25,78,21,71,46,,53,9,38,22,25,13,14,3,17,70,71,43,64,17,13,21,59,136,180,95,16,9,65,7,9,
20161120,18,PM2.5_24h,86,44,173,48,24,136,111,18,25,48,43,86,126,111,29,29,28,36,53,65,39,47,44,42,67,63,66,53,41,58,48,38,57,72,65,73,53,58,62,48,43,73,107,51,51,27,45,41,90,30,220,67,53,47,27,24,52,30,40,40,36,81,27,13,92,103,44,33,63,131,84,74,70,32,50,51,43,23,42,26,22,33,44,59,69,132,34,57,59,17,35,60,76,46,15,25,28,47,32,31,42,39,36,33,40,69,78,43,19,161,37,116,163,119,72,37,24,32,38,25,54,35,39,98,43,51,227,225,183,227,174,127,98,89,57,58,58,50,24,28,10,82,94,44,118,168,126,73,76,22,126,73,55,91,128,37,24,49,23,28,35,90,24,26,25,21,19,16,22,,14,12,13,58,58,57,47,57,37,86,59,59,59,42,67,83,63,,39,123,156,,120,75,82,122,62,95,51,32,17,21,15,21,11,29,39,33,29,51,30,19,24,32,31,35,15,33,40,32,25,31,34,42,63,11,76,68,89,56,46,32,56,91,98,37,93,82,61,30,14,16,18,22,57,49,65,50,23,39,73,55,80,203,215,170,158,179,116,100,171,67,102,138,65,105,58,43,75,79,58,44,46,53,14,48,39,30,52,37,20,30,20,25,65,23,43,16,36,44,69,86,79,82,47,75,58,45,52,23,32,32,58,22,22,81,24,41,44,16,70,12,27,13,23,28,31,27,13,26,18,40,55,18,64,64,27,14,83,67,81,66,67,61,80,35,50,27,62,61,,55,53,90,19,40,23,30,18,19,74,53,32,55,33,25,20,76,94,148,93,29,22,47,15,11,
20161120,18,PM10,71,61,132,122,41,230,145,72,26,85,80,138,127,294,163,66,30,43,56,32,32,16,29,52,69,50,29,33,35,44,48,55,40,46,54,95,48,27,44,66,30,53,75,99,28,35,56,52,133,50,302,118,97,77,37,33,67,44,62,48,68,129,53,17,154,123,49,55,79,249,325,114,161,25,120,180,221,128,62,43,51,55,16,49,161,244,90,56,78,41,82,56,62,57,35,98,11,67,46,42,51,47,39,51,11,56,40,105,22,90,90,100,304,280,84,73,45,46,44,47,33,54,35,107,21,73,244,241,243,320,276,255,209,167,89,151,120,32,36,39,23,135,111,62,141,141,195,105,123,46,241,255,145,231,278,220,61,189,28,101,77,70,46,48,41,48,59,45,55,,38,36,42,66,22,34,35,34,17,36,15,33,20,33,54,27,45,,124,316,71,,85,131,244,231,190,194,177,30,22,285,48,25,28,234,61,56,47,76,27,16,16,26,45,40,31,30,50,64,49,54,93,60,85,21,58,66,70,121,135,64,39,45,63,64,78,228,62,18,22,22,16,22,80,85,71,75,32,35,93,67,155,321,293,119,268,383,140,91,343,143,137,128,89,153,70,70,95,112,85,67,70,143,27,62,96,87,103,35,50,36,32,20,114,14,51,18,46,177,78,112,142,135,147,181,116,111,126,65,40,30,87,26,47,77,32,48,60,21,54,20,17,56,33,61,38,32,19,37,46,24,46,23,21,,20,67,138,134,149,137,132,158,110,105,229,70,161,157,,52,36,109,50,78,45,15,15,61,184,231,111,132,29,31,39,145,546,527,389,98,40,,32,23,
20161120,18,PM10_24h,122,55,250,86,41,279,160,73,62,73,67,153,201,211,91,38,40,48,64,51,61,95,82,71,110,84,113,96,62,84,90,77,64,106,106,115,73,82,100,83,65,123,134,72,66,65,85,70,139,67,270,91,74,84,44,38,83,47,69,64,71,117,46,32,135,187,93,91,181,249,258,236,153,41,80,96,114,77,53,51,34,48,57,80,110,226,67,89,99,42,76,82,96,77,39,64,45,74,48,54,77,64,59,55,51,95,116,77,42,210,99,183,252,225,116,52,36,46,50,63,68,53,54,152,66,67,348,347,223,341,230,214,129,135,75,96,85,65,45,41,27,148,138,95,194,221,218,109,131,64,234,169,134,209,239,130,70,157,36,80,64,150,55,54,47,44,49,39,52,,34,37,36,128,98,91,105,107,55,122,86,106,87,62,142,121,85,,68,197,254,,168,135,163,227,150,231,122,46,22,70,42,30,24,111,65,47,38,84,57,23,34,41,41,47,28,45,66,50,43,39,70,44,75,26,103,101,102,80,66,61,78,129,86,54,106,109,77,49,29,33,31,42,100,88,110,72,35,60,117,76,134,312,330,218,214,269,182,184,268,108,132,151,93,136,88,61,99,114,82,59,64,92,28,75,73,49,96,55,37,52,33,43,100,40,63,23,58,175,91,126,126,125,144,130,102,74,129,51,51,53,103,32,60,101,72,65,76,41,105,21,48,34,40,51,57,48,27,55,35,46,107,44,87,64,63,40,175,177,121,177,188,173,187,84,172,79,160,149,,129,132,325,55,83,64,90,41,44,155,142,106,125,58,50,40,195,400,419,289,37,46,55,40,22,
20161120,18,SO2,3,13,21,65,24,44,25,14,8,11,25,37,23,192,25,63,20,52,67,12,10,10,14,9,16,9,12,7,11,10,7,10,8,8,8,15,14,8,6,10,7,20,18,10,8,5,10,13,28,12,18,11,12,12,6,8,15,10,11,9,7,18,10,4,16,12,12,10,5,41,49,22,127,12,19,32,12,31,37,13,51,45,7,8,22,20,26,19,18,9,14,29,30,9,6,33,6,11,9,6,9,8,11,7,6,21,13,16,11,37,21,38,294,42,39,69,37,15,61,16,99,18,17,13,7,16,27,34,23,38,28,40,33,17,10,15,12,11,9,6,2,12,28,45,23,19,16,8,12,11,47,84,92,23,37,20,11,55,6,4,19,18,4,6,17,14,7,8,12,,4,5,7,6,6,15,18,10,12,10,5,9,21,9,6,4,17,,188,10,24,,30,77,214,70,96,119,36,18,3,15,29,10,19,30,90,36,15,79,10,12,7,9,36,5,13,8,10,20,8,11,18,45,21,8,11,14,12,46,16,8,33,15,9,14,14,34,23,7,8,13,5,6,4,37,51,19,15,19,24,8,27,25,17,6,29,9,20,8,15,30,12,10,16,16,4,7,4,8,26,8,25,14,15,19,13,10,8,6,12,9,22,6,25,11,6,22,11,38,12,17,31,15,23,22,13,7,14,13,24,25,18,18,14,13,12,5,8,8,15,7,3,7,18,13,7,11,8,4,12,14,6,5,8,23,13,6,13,24,31,25,22,54,15,10,47,9,91,75,,37,5,27,17,20,21,14,18,19,107,49,16,26,6,7,13,22,2,29,9,50,25,82,10,22,
20161120,18,SO2_24h,6,12,37,52,16,62,38,13,12,6,19,34,34,150,37,51,28,41,45,16,10,17,17,15,16,12,20,15,13,12,9,12,11,14,12,21,20,12,11,13,9,17,16,10,11,7,15,16,24,18,30,10,14,19,7,13,18,17,19,15,10,22,10,4,19,22,16,21,9,32,39,39,127,20,20,18,33,23,29,17,31,81,11,13,26,25,21,29,19,14,19,26,36,15,7,28,8,15,8,9,12,12,8,12,10,20,26,14,28,37,63,86,240,71,83,48,18,22,62,17,50,20,19,14,9,20,41,51,37,38,30,27,24,19,11,11,12,10,10,8,2,14,27,50,26,23,19,12,15,15,34,37,59,25,35,33,12,132,8,5,19,23,8,10,16,14,8,8,17,,4,6,8,10,14,23,25,16,14,16,14,14,24,11,8,10,24,,55,11,20,,78,97,181,101,114,122,88,13,3,42,28,9,17,27,89,45,14,106,20,16,13,12,18,9,7,16,15,27,8,13,8,39,18,12,11,15,16,27,16,8,22,22,13,14,14,26,23,9,8,11,8,6,7,34,41,20,13,21,28,7,31,46,30,25,33,10,21,9,17,21,17,11,12,17,7,7,6,10,30,9,24,15,19,17,14,10,8,6,10,11,19,12,19,10,8,8,22,29,17,22,43,18,27,13,17,5,12,14,36,32,21,24,14,12,22,8,18,11,31,9,4,4,25,22,12,11,10,2,9,16,7,6,14,31,52,5,18,39,26,26,75,70,48,13,28,12,93,49,,49,17,35,18,27,20,27,34,19,93,51,12,20,11,17,12,32,3,19,75,25,6,41,10,13,
20161120,18,NO2,41,46,39,65,37,62,55,21,35,57,48,64,62,103,24,53,31,51,64,39,44,52,18,20,39,11,39,37,16,23,17,21,27,51,58,93,46,54,47,19,15,71,45,58,46,49,39,54,68,19,84,66,44,94,25,30,50,27,33,29,25,89,49,16,87,61,37,24,22,83,158,97,70,30,35,51,18,53,46,22,49,50,27,23,64,34,45,41,19,31,26,48,40,13,19,45,36,36,8,11,40,12,32,10,35,49,45,59,19,44,17,45,100,75,26,48,36,31,31,37,36,27,27,50,41,53,68,65,61,97,78,62,52,69,36,28,25,25,16,22,11,44,56,48,46,60,42,48,43,21,75,85,91,76,70,7,25,31,11,15,46,33,17,11,22,17,25,20,41,,14,27,33,42,24,35,25,18,31,36,39,29,37,10,32,56,53,,73,68,34,,36,64,92,57,56,64,29,22,12,21,16,17,15,18,32,40,30,42,25,15,14,11,41,13,14,15,12,16,25,27,66,62,29,15,41,37,35,73,43,59,30,27,38,48,20,73,51,26,44,35,30,44,25,24,50,40,42,40,44,31,52,61,97,44,78,64,43,35,79,56,61,55,55,44,27,48,23,48,41,32,32,47,30,24,15,31,34,21,18,18,22,22,21,17,18,4,16,78,37,41,48,41,73,65,35,60,29,29,18,24,29,15,20,29,20,26,5,8,19,11,16,10,16,15,15,12,11,21,34,15,49,13,4,2,2,16,61,42,59,53,68,71,37,19,95,19,54,51,,63,8,83,6,17,9,6,11,25,56,39,34,46,28,20,2,46,14,24,10,21,17,28,14,16,
20161120,18,NO2_24h,56,37,64,49,30,81,60,21,41,36,34,54,64,73,45,33,30,35,51,52,40,65,24,26,40,12,52,43,26,32,24,26,31,63,66,82,44,46,58,22,15,53,59,40,44,45,45,42,59,30,88,43,37,75,32,45,60,51,50,40,31,76,37,11,59,71,44,42,47,67,87,64,65,42,32,39,48,41,33,18,26,39,39,37,40,36,38,36,29,18,26,62,41,24,9,21,25,28,6,12,38,14,28,14,50,31,42,44,29,61,33,65,60,74,28,32,20,24,28,18,29,22,28,54,40,43,84,81,71,88,57,55,44,52,24,24,18,32,10,27,12,53,46,54,38,67,43,42,43,34,65,56,59,55,59,25,34,44,16,19,29,34,19,18,29,17,19,15,20,,8,14,12,54,43,43,37,29,39,40,57,24,37,14,32,55,42,,42,49,54,,62,49,56,68,50,35,49,21,10,33,21,13,12,18,33,26,25,32,23,12,11,12,19,19,8,23,21,21,24,27,38,38,28,16,39,31,43,52,38,41,37,32,35,43,36,53,52,28,29,24,29,37,20,29,49,29,26,22,37,25,52,74,101,75,69,50,39,46,62,46,41,43,36,35,10,23,32,30,26,28,21,28,33,24,15,20,21,17,17,22,20,32,24,17,25,9,23,50,38,40,47,51,34,47,31,38,35,19,63,32,39,13,15,32,37,33,23,15,32,13,18,17,30,12,23,19,16,25,19,20,43,19,29,28,38,16,39,53,42,39,52,59,54,21,79,25,44,44,,68,27,63,12,14,18,18,27,16,52,30,29,54,41,33,20,56,31,44,34,21,15,38,12,10,
20161120,18,O3,13,18,24,6,26,3,5,61,39,3,33,16,11,15,51,25,54,23,22,48,17,31,78,79,36,26,32,27,56,91,66,73,54,18,28,15,16,8,32,56,72,6,30,9,14,10,42,11,13,72,5,5,37,51,69,64,37,64,51,54,63,58,34,21,10,63,74,86,66,8,16,15,29,41,43,13,61,32,23,48,24,29,28,65,9,4,34,28,55,55,56,30,44,77,59,35,17,67,64,50,13,55,10,75,19,28,25,103,94,26,52,67,18,17,29,20,42,32,36,48,26,46,43,54,10,10,24,5,2,11,6,47,39,57,43,91,39,52,78,44,26,67,69,64,68,116,68,75,46,108,18,15,34,30,12,83,93,54,55,68,29,29,54,91,74,67,62,60,28,,64,54,52,17,40,28,58,56,42,35,29,12,24,74,21,28,4,,1,9,6,,67,27,14,58,24,24,46,50,58,63,65,56,50,71,30,26,37,17,50,70,59,61,38,60,52,68,59,44,53,56,56,46,50,46,39,14,37,15,47,26,49,17,27,28,45,25,51,30,9,14,26,16,9,2,4,6,15,14,19,9,30,6,4,4,3,5,43,17,4,3,37,28,14,39,44,13,37,32,7,16,21,51,18,34,52,44,20,26,40,36,28,22,122,26,68,33,59,36,121,72,72,94,17,34,67,7,100,47,65,98,75,92,34,82,66,24,68,102,100,89,59,76,72,75,78,80,72,72,59,52,54,78,82,50,108,71,44,42,26,17,59,50,58,81,44,76,50,41,,111,74,36,102,24,77,104,89,68,29,41,53,45,65,40,56,45,61,39,57,50,113,23,74,43,
20161120,18,O3_24h,19,54,34,43,48,6,39,71,59,25,68,46,18,47,65,54,76,61,58,69,45,41,78,83,41,26,44,39,56,91,75,77,58,42,56,43,99,56,47,70,127,86,40,36,22,62,55,44,39,77,17,61,40,161,101,83,114,86,84,124,99,103,55,52,15,86,104,95,79,17,94,76,56,46,46,18,62,70,58,57,52,56,58,68,47,99,55,54,58,73,70,44,65,97,67,71,49,85,140,56,54,109,37,93,50,90,77,115,104,42,60,81,30,41,42,48,69,45,51,74,49,71,65,75,27,26,43,13,11,39,29,59,46,89,65,111,62,61,100,62,42,80,103,90,101,149,87,96,81,130,33,39,76,44,26,83,112,57,76,68,63,61,66,92,81,76,79,69,69,,74,75,81,43,40,30,58,56,51,43,49,43,43,70,39,53,95,,53,76,35,,81,60,52,60,29,72,62,61,61,68,75,62,59,105,45,57,62,42,70,93,80,72,73,70,66,76,60,51,63,67,96,97,74,46,49,28,163,42,60,58,77,26,39,47,48,46,94,58,55,62,53,38,24,9,17,46,43,53,35,54,42,16,23,9,34,47,75,29,69,20,72,50,49,52,85,63,52,94,16,31,49,69,30,55,56,64,46,46,49,71,39,46,141,36,80,40,72,85,132,106,108,117,53,46,79,15,125,86,66,109,92,95,46,90,73,48,75,118,125,94,73,101,83,96,92,95,98,75,81,77,85,83,83,51,109,83,85,78,69,52,98,82,79,94,74,86,80,79,,134,90,81,108,32,94,107,98,84,52,59,69,58,131,40,57,71,92,118,68,55,123,50,78,53,
20161120,18,O3_8h,7,34,24,12,37,4,29,60,46,17,56,34,13,25,51,42,64,48,45,53,20,29,57,78,30,18,32,22,35,72,64,73,55,13,24,29,22,16,26,63,69,24,33,20,16,24,46,21,24,70,10,15,31,96,87,69,75,66,65,93,77,69,33,38,9,45,89,81,60,11,49,47,40,35,35,14,50,46,25,52,42,43,39,41,31,16,47,42,44,65,62,33,45,73,64,57,28,69,85,49,37,82,28,75,27,68,58,81,82,25,49,56,20,22,25,38,59,38,45,66,39,62,53,55,17,16,32,7,4,26,14,49,37,69,55,94,48,44,88,44,35,50,65,58,66,107,55,66,42,107,20,25,54,26,18,69,103,47,53,62,49,41,60,88,70,71,70,64,57,,70,69,74,22,31,25,40,48,32,29,33,17,32,61,28,31,12,,23,15,7,,60,44,35,38,20,32,47,53,59,63,65,60,55,82,34,45,51,31,62,84,69,64,61,65,61,70,53,45,55,60,75,61,63,38,36,17,33,24,47,40,63,14,24,30,34,34,70,36,19,29,39,25,15,2,9,12,21,23,26,13,33,10,13,5,6,10,59,17,10,11,58,38,25,43,69,42,42,48,8,15,31,59,20,37,47,50,29,31,40,53,28,27,105,29,70,32,52,51,97,78,56,71,29,30,68,9,88,62,54,83,74,87,40,73,62,35,63,99,109,89,60,80,68,83,80,70,78,60,64,65,65,68,66,45,79,71,55,58,51,30,71,57,66,86,52,81,67,61,,102,74,55,100,21,79,96,86,76,36,51,63,43,60,32,45,40,50,42,51,50,117,26,64,48,
20161120,18,O3_8h_24h,9,40,24,34,42,5,31,68,47,20,58,37,13,25,51,45,64,53,49,57,32,31,57,78,30,19,32,28,37,72,64,73,55,21,36,30,35,23,36,63,72,81,33,20,17,48,46,23,24,70,11,59,31,96,88,69,75,66,65,93,80,69,33,44,9,45,89,81,60,11,50,47,40,35,35,14,50,50,53,52,46,45,39,41,37,16,47,43,44,68,62,33,45,73,65,61,46,69,132,50,39,84,29,75,27,69,58,81,82,25,49,58,20,23,25,40,64,41,45,68,42,62,55,61,19,20,32,11,5,26,27,49,37,69,55,94,49,44,89,44,35,50,65,58,66,107,55,66,42,107,20,28,54,26,18,78,103,47,54,62,49,41,60,88,70,73,70,64,60,,70,71,77,22,31,26,40,48,37,32,33,31,32,61,31,44,95,,25,37,8,,60,44,35,38,20,32,47,56,59,63,65,60,56,99,36,46,52,31,63,86,77,65,67,65,62,70,53,45,55,60,75,83,63,38,37,23,85,34,48,41,71,15,24,45,34,46,72,41,53,62,46,34,15,2,10,27,40,33,26,40,33,12,13,6,11,17,59,17,10,14,61,38,46,43,69,59,42,56,8,24,40,59,20,37,47,57,32,32,40,53,35,27,105,30,70,32,52,51,97,78,56,71,29,34,72,13,88,62,54,83,74,87,41,73,62,35,63,99,109,89,60,80,68,83,80,70,78,60,64,65,65,68,66,45,79,71,55,58,51,31,71,57,66,86,52,81,68,61,,102,78,55,100,29,79,96,86,76,36,54,63,43,60,32,54,45,50,42,51,51,117,26,67,48,
20161120,18,CO,0.90,1.13,0.80,2.80,0.54,1.80,1.28,0.50,0.45,1.87,0.87,1.00,0.93,2.70,0.73,0.68,0.81,1.23,1.10,0.98,1.37,1.21,0.65,0.60,0.64,0.80,1.04,0.97,0.87,0.67,0.52,0.33,0.55,1.21,1.04,1.10,1.50,1.20,1.10,0.80,1.00,1.10,1.43,1.45,1.63,0.75,0.50,1.63,1.86,0.31,3.19,1.86,1.20,0.97,0.67,0.57,0.73,0.67,0.80,0.90,0.90,1.30,0.83,0.50,1.67,1.23,0.60,0.60,0.43,2.13,3.88,1.40,1.35,0.92,1.17,1.30,1.18,0.96,0.80,1.13,0.73,1.28,0.60,0.40,1.60,3.00,1.03,0.98,0.38,0.42,0.83,0.80,0.63,0.43,0.40,1.03,0.96,1.18,0.62,0.70,1.05,0.83,0.95,1.10,1.00,1.55,1.23,1.10,0.80,1.57,1.20,1.56,4.85,2.68,0.88,1.05,0.62,0.60,0.80,0.90,1.00,0.60,0.88,1.60,1.30,1.41,3.05,2.70,3.05,3.37,2.53,2.67,1.56,1.60,1.38,1.80,1.83,1.05,0.47,0.80,0.60,0.80,1.42,1.00,0.43,1.23,0.95,0.98,0.77,0.65,1.55,2.70,2.10,1.63,1.73,0.25,0.60,0.63,1.50,1.45,0.75,0.85,0.50,0.20,0.25,0.65,0.30,0.60,0.85,,0.50,0.40,0.20,1.07,0.90,1.05,0.75,1.00,1.00,1.03,1.20,1.70,1.65,0.65,1.35,1.30,1.40,,1.40,2.08,2.23,,1.46,1.28,3.03,2.45,2.85,1.80,0.83,0.57,,0.25,0.35,0.47,0.55,0.40,0.72,0.72,0.48,1.03,0.63,0.50,1.55,0.50,1.20,0.50,1.10,0.80,0.30,0.57,0.55,0.72,0.80,1.50,0.90,1.10,0.82,1.55,0.87,1.67,1.40,1.57,1.10,1.30,0.80,1.15,1.10,2.10,1.23,0.95,1.10,0.90,0.73,0.90,1.25,2.38,1.43,1.23,1.13,1.33,1.10,1.40,1.25,3.63,3.42,2.47,3.73,2.58,1.94,1.07,2.53,2.18,2.00,2.17,1.60,1.50,1.55,1.40,1.37,2.23,1.55,1.42,1.18,1.18,1.63,0.68,1.20,1.45,1.25,0.88,0.67,0.80,0.67,0.90,0.55,0.50,0.80,0.70,0.65,1.77,0.83,0.97,1.23,0.63,1.73,3.30,0.80,1.60,0.82,0.75,0.70,0.72,0.45,0.53,1.05,0.55,1.15,0.90,0.40,0.80,0.65,0.20,0.25,0.55,0.85,0.27,0.40,0.50,0.60,0.80,0.95,0.70,1.40,0.45,0.30,0.40,0.45,0.20,1.40,1.30,1.65,1.15,1.00,1.65,0.70,0.20,1.40,0.45,1.20,0.95,,1.50,0.70,1.70,0.70,0.40,0.40,0.70,0.20,0.50,1.30,1.15,0.65,1.35,0.50,0.80,1.40,0.85,1.00,1.20,0.80,0.87,0.80,0.80,1.55,0.10,
20161120,18,CO_24h,1.49,1.15,2.17,1.97,0.48,2.95,1.55,0.53,0.70,1.47,0.87,1.70,2.15,2.24,1.18,0.56,0.88,1.09,1.00,1.20,1.41,1.47,0.98,1.00,1.44,1.30,1.45,1.30,1.23,1.30,1.08,0.87,1.20,1.42,1.13,1.02,1.60,1.30,1.30,0.67,1.07,1.05,1.50,0.90,1.54,0.77,0.60,1.72,1.81,0.54,3.14,1.53,1.17,1.10,0.77,0.60,0.94,0.73,0.90,1.06,0.90,1.23,0.83,0.50,1.66,1.98,0.91,1.06,1.05,2.13,2.07,2.20,1.85,1.07,1.10,1.22,1.88,0.86,0.78,1.10,0.63,1.20,0.87,1.00,1.23,2.60,1.07,1.22,0.96,0.40,0.87,1.80,1.37,0.70,0.40,0.93,0.86,1.05,0.63,0.73,1.10,1.00,0.90,1.15,1.25,1.35,1.35,1.00,1.80,2.70,1.45,3.06,3.85,2.40,1.65,0.83,0.58,0.65,0.96,0.74,1.08,0.54,0.94,1.93,1.43,1.46,3.95,5.35,3.10,4.53,2.23,1.87,1.56,1.45,1.30,1.60,1.60,1.10,0.50,0.95,0.60,1.18,1.50,1.74,0.80,1.83,1.33,1.18,0.95,0.90,1.45,1.73,2.17,1.44,1.60,1.05,0.70,1.10,1.52,1.40,0.85,1.35,0.40,0.50,0.50,0.60,0.40,0.55,0.60,,0.50,0.35,0.20,1.33,1.10,1.30,1.30,1.25,1.20,1.33,1.65,1.70,1.75,0.95,1.35,1.20,1.35,,1.10,1.40,3.07,,2.70,1.28,2.10,2.85,2.10,1.30,1.70,0.70,,0.45,0.75,0.53,0.40,0.80,0.88,0.63,0.33,0.97,0.70,0.20,1.40,0.55,0.90,0.55,1.10,0.97,0.77,0.70,0.45,0.57,0.50,0.90,0.95,0.60,1.27,1.35,1.50,1.43,1.10,1.37,1.10,1.15,1.30,1.10,1.75,1.50,1.47,0.90,1.10,0.70,0.73,0.80,1.05,2.17,1.13,0.93,1.02,0.70,1.27,1.35,1.15,4.37,3.88,3.10,3.07,1.95,1.98,1.83,1.97,1.78,1.83,2.05,1.50,1.23,1.40,1.30,1.43,1.93,1.55,1.44,1.18,0.97,1.40,0.72,1.28,1.55,1.25,0.82,0.70,0.93,0.73,0.95,0.65,0.75,0.90,0.75,0.75,1.53,0.83,1.13,1.33,0.73,1.73,2.02,0.80,1.25,1.13,0.50,0.75,0.95,0.67,0.57,1.05,0.75,1.35,0.80,0.60,1.00,1.05,0.25,0.30,0.65,1.05,0.30,0.65,0.75,0.45,0.80,0.75,1.00,1.50,0.60,0.90,1.20,1.00,0.25,1.67,2.43,1.60,0.85,1.15,1.40,1.30,0.45,1.60,0.55,1.05,1.10,,1.95,0.70,2.20,0.80,0.40,0.60,1.00,0.50,0.50,1.63,1.00,0.60,1.85,1.40,1.00,2.00,1.35,1.20,1.80,1.55,1.00,0.80,1.70,1.60,0.10,
20161120,19,AQI,62,58,115,88,52,126,116,87,29,75,62,96,124,254,83,76,33,65,75,39,35,24,35,47,64,52,29,40,39,43,50,47,35,45,47,89,51,30,47,59,32,60,84,114,50,28,47,53,111,51,248,88,105,65,36,37,53,33,57,47,65,139,51,31,149,96,55,49,84,204,210,107,121,30,98,116,185,89,66,39,53,58,15,49,120,200,69,57,60,47,64,63,58,55,31,73,22,55,42,44,30,45,50,37,19,60,71,108,37,72,80,74,250,196,58,71,51,49,51,61,55,59,43,84,23,64,226,200,204,273,241,245,218,136,89,136,128,47,43,42,33,99,135,65,139,151,127,90,94,56,179,181,131,208,233,74,57,106,23,86,70,69,48,46,41,53,54,46,59,,32,41,51,37,22,38,45,35,40,53,20,44,19,38,51,27,44,,82,177,64,,80,125,212,190,129,134,116,36,27,146,96,28,26,131,56,70,54,74,36,30,31,29,43,42,29,33,67,61,71,65,74,134,60,31,43,60,99,110,106,69,30,63,68,58,75,135,58,20,22,22,15,31,81,87,64,67,33,39,88,61,128,224,256,128,218,241,114,98,206,115,138,141,85,146,68,57,103,98,79,80,91,113,34,61,81,70,114,43,53,50,34,25,95,29,56,36,55,111,84,116,136,96,114,151,83,104,93,84,33,34,71,35,61,108,39,54,49,28,56,24,30,52,38,63,41,46,32,36,51,33,103,50,34,60,43,64,126,98,125,141,124,121,95,82,153,70,119,118,,75,34,111,48,75,48,31,25,70,104,175,81,118,41,25,44,104,428,437,428,53,31,63,34,28,
20161120,19,PM2.5,28,41,87,65,34,96,88,23,19,53,42,58,94,204,14,56,20,47,55,27,20,13,15,16,25,34,20,23,24,14,15,12,15,24,28,66,34,21,33,40,21,31,62,86,35,16,20,24,84,15,198,56,79,39,23,15,37,23,36,33,33,106,21,12,114,69,27,19,32,154,151,53,79,21,73,81,24,42,48,12,37,41,4,20,91,150,42,32,20,13,22,34,40,15,12,40,11,30,28,28,21,28,35,26,11,43,52,81,15,50,23,54,200,147,41,52,35,30,36,44,39,42,30,62,14,46,176,150,154,223,191,195,168,104,66,104,97,33,17,26,14,60,103,33,106,116,79,67,70,21,135,137,100,158,183,12,23,44,16,25,42,35,12,14,11,19,27,16,31,,17,17,13,16,15,21,18,20,18,37,14,30,13,22,25,18,29,,58,134,42,,59,95,162,143,93,98,48,25,11,28,16,17,15,56,36,51,38,54,25,21,15,20,29,27,13,23,42,44,52,47,54,102,43,20,24,43,74,83,80,39,21,45,49,41,55,103,37,13,13,14,10,22,55,56,45,43,23,27,65,44,97,174,206,97,168,175,86,73,156,87,105,108,63,112,49,38,77,73,58,59,68,85,21,38,60,48,86,30,24,21,21,15,65,20,32,25,39,48,62,88,104,72,63,116,61,78,46,56,15,20,43,23,31,81,11,38,26,15,31,10,14,11,12,26,29,14,9,7,20,23,77,13,14,43,10,19,96,56,95,108,82,61,41,37,85,28,90,88,,55,14,52,16,36,16,13,6,27,62,50,43,89,19,7,24,62,104,184,118,13,18,45,7,8,
20161120,19,PM2.5_24h,80,42,166,47,24,133,104,19,24,46,42,81,123,116,29,30,27,36,53,61,37,44,41,38,65,62,64,50,40,55,44,35,54,68,62,72,51,54,59,47,41,70,104,52,51,26,43,40,87,26,218,68,54,46,27,23,51,29,40,40,36,82,27,13,93,103,43,33,63,134,87,71,72,32,51,52,42,25,43,26,23,33,41,55,67,132,34,56,56,17,35,58,73,40,14,25,25,46,31,31,39,39,35,33,38,65,74,44,19,155,37,115,165,123,73,38,24,31,38,25,54,35,39,96,41,49,228,218,181,226,175,133,102,91,58,61,61,47,24,28,10,83,95,44,118,168,126,73,75,22,127,75,55,94,132,37,24,49,23,26,35,85,22,23,23,20,19,16,21,,14,11,13,55,55,53,43,54,35,82,56,56,57,39,63,76,61,,40,123,152,,117,77,87,125,64,96,52,31,17,22,15,18,11,31,39,34,29,52,30,20,23,30,30,33,15,32,40,33,26,32,35,45,63,9,75,67,89,56,46,31,55,87,97,37,91,81,60,28,13,14,17,21,56,48,62,49,23,36,72,54,82,196,212,165,158,179,116,98,170,68,104,139,65,107,59,43,75,80,58,44,46,56,14,47,40,30,53,34,20,30,19,24,65,21,43,16,37,44,70,85,81,82,48,76,57,45,53,24,31,32,58,21,23,80,23,41,44,16,71,12,27,13,23,29,32,27,13,25,18,40,56,17,64,65,27,15,83,67,82,67,68,62,80,31,52,27,63,62,,56,53,87,18,39,23,29,18,19,74,54,32,57,33,24,20,77,96,152,97,27,22,48,15,11,
20161120,19,PM10,74,57,127,99,54,186,148,124,29,100,73,142,122,333,115,75,33,56,70,36,35,20,35,47,78,54,29,40,39,43,50,47,35,45,47,98,52,26,47,68,32,70,73,114,36,28,47,56,158,51,265,126,102,79,36,37,54,31,63,45,80,136,52,31,151,142,59,49,117,258,357,164,192,25,124,181,320,128,59,39,50,58,13,49,141,281,87,64,69,47,77,75,65,60,31,96,18,60,42,44,28,45,48,37,19,64,72,132,37,94,109,84,351,193,60,69,51,49,45,49,48,56,39,77,23,58,267,211,211,320,298,254,213,153,87,163,133,38,43,42,33,147,150,80,161,141,204,117,128,61,250,288,173,222,286,97,63,162,23,121,90,87,48,46,41,56,57,46,68,,32,41,52,37,22,38,45,35,40,56,18,44,15,38,51,27,44,,113,296,78,,74,142,287,206,208,218,181,34,27,241,141,28,26,212,62,66,30,73,33,23,31,27,43,42,29,26,83,69,70,54,80,62,56,31,43,62,89,126,118,88,21,65,60,65,94,209,66,20,22,22,12,28,112,123,78,83,33,38,94,64,153,269,288,128,275,379,145,109,305,141,134,148,89,142,81,64,91,116,91,66,78,146,34,71,109,89,116,40,55,50,34,25,139,15,61,28,57,171,85,131,193,134,178,184,115,133,136,117,33,34,92,35,72,101,39,56,49,28,62,24,30,53,38,75,40,46,32,36,51,31,,50,34,,43,78,161,145,143,171,198,191,139,114,256,89,187,185,,90,34,172,48,99,48,25,19,89,157,299,111,165,41,25,44,157,528,537,528,56,25,,34,28,
20161120,19,PM10_24h,102,55,241,85,40,272,151,73,59,70,66,150,195,219,92,40,40,48,65,41,59,88,74,66,108,83,109,91,59,82,86,73,60,101,101,113,70,77,95,80,62,119,129,72,66,60,85,67,137,64,267,93,76,83,44,38,80,47,69,64,71,117,45,32,135,187,93,90,180,250,262,227,155,40,82,98,122,81,54,51,36,48,51,77,107,228,68,88,97,42,77,80,93,69,39,65,33,71,47,53,73,63,58,54,49,91,111,77,42,203,99,180,256,230,115,52,37,46,50,60,68,53,54,150,64,64,348,336,222,339,233,217,132,138,75,100,88,66,44,41,27,150,139,94,194,220,220,111,131,65,233,172,135,208,242,130,68,157,35,72,65,145,54,51,47,44,49,39,52,,33,37,36,122,92,85,95,100,49,117,83,102,84,58,135,112,83,,72,202,257,,163,137,168,228,155,232,128,45,22,78,45,27,23,118,66,49,38,85,57,22,33,39,40,44,27,45,67,51,44,40,71,44,75,23,103,99,104,80,67,60,77,127,84,54,106,113,76,46,26,28,28,38,98,85,105,69,33,55,115,74,136,303,325,214,215,275,182,182,270,110,134,152,93,137,89,61,97,116,84,56,62,98,29,73,74,50,97,49,38,52,33,42,101,36,63,23,57,174,92,124,130,126,145,131,101,75,132,52,51,53,103,32,60,98,72,65,75,41,105,21,48,34,41,52,56,49,26,55,36,46,107,45,87,66,63,42,174,176,122,172,190,174,186,80,176,75,163,151,,129,129,315,52,81,62,89,40,46,155,158,107,128,57,49,42,196,414,434,306,38,45,59,40,22,
20161120,19,SO2,3,12,21,62,30,47,26,10,8,12,29,35,24,236,27,58,26,58,58,12,9,10,15,9,16,9,11,9,10,10,7,9,7,8,8,16,13,8,7,11,7,18,16,11,10,5,9,12,32,14,17,10,14,15,5,9,15,9,10,9,7,20,10,5,16,14,15,11,10,39,51,27,94,14,19,40,12,34,42,17,52,38,8,9,25,20,33,18,20,9,15,28,33,10,6,36,8,10,9,6,8,8,7,6,6,19,17,16,22,43,19,45,487,30,43,73,37,17,57,18,63,24,16,9,6,15,27,37,18,32,44,36,55,14,11,13,13,10,10,5,2,12,36,47,24,19,15,14,11,10,40,88,117,23,43,22,5,112,6,6,17,17,4,6,19,16,7,8,10,,4,5,4,5,6,16,19,9,11,10,4,8,21,9,6,5,16,,198,10,17,,33,71,120,60,81,99,22,16,3,12,27,16,24,34,68,45,18,64,12,16,9,15,30,6,11,8,10,18,10,11,13,40,20,11,11,22,12,41,15,9,44,21,8,10,12,10,23,6,7,12,6,5,8,39,47,20,11,20,26,7,24,25,16,6,28,10,20,8,14,18,12,10,16,15,3,8,6,8,23,8,41,19,14,29,11,10,7,5,13,10,23,6,18,13,6,11,16,22,11,16,80,18,19,17,16,7,20,17,36,19,20,21,14,10,12,7,7,8,23,9,3,4,20,12,10,13,9,4,12,16,10,6,9,31,14,5,15,32,19,23,32,34,18,10,42,11,103,76,,63,14,25,15,22,20,14,17,24,102,36,21,20,9,7,9,24,3,38,14,48,19,59,10,18,
20161120,19,SO2_24h,5,12,36,54,17,61,37,13,11,7,19,34,33,156,37,52,28,42,45,16,10,16,17,13,16,11,19,15,12,12,9,12,11,14,12,20,20,12,11,12,9,17,16,10,11,6,15,16,23,17,29,10,14,19,7,13,18,17,18,15,10,22,10,4,19,22,15,21,9,33,40,38,127,20,20,20,32,24,30,16,33,70,11,12,25,25,22,29,19,14,19,26,37,14,6,28,8,15,8,9,12,12,8,11,10,20,25,14,28,38,62,84,249,70,83,50,19,22,63,18,51,19,19,13,9,19,40,50,36,38,30,27,25,19,10,11,12,10,10,8,2,14,28,50,27,23,19,12,15,16,34,40,61,25,36,32,11,128,8,5,19,22,8,9,16,15,8,8,18,,4,6,8,10,13,22,25,15,14,15,13,12,23,11,8,10,23,,63,10,20,,75,98,179,99,111,121,88,13,3,39,28,9,18,27,90,46,14,106,19,16,13,12,18,9,8,15,15,27,8,13,8,38,19,10,11,15,15,28,16,8,22,22,13,14,14,25,23,9,7,10,8,6,7,34,41,20,13,21,27,7,31,44,29,25,34,10,20,9,17,22,17,11,12,17,7,7,6,10,30,9,25,16,19,17,13,10,8,5,10,11,20,12,20,10,8,8,22,30,16,22,45,18,27,13,17,5,13,15,36,32,21,24,14,11,22,8,19,11,32,9,4,4,25,22,12,11,10,2,9,16,7,6,13,31,52,5,18,37,26,26,71,69,48,12,28,12,92,50,,50,18,35,18,25,20,27,33,19,92,50,12,20,11,17,12,33,3,17,75,26,7,43,10,13,
20161120,19,NO2,36,44,39,64,31,57,57,19,32,57,49,52,61,114,23,57,35,54,61,36,42,47,17,21,39,12,39,33,15,22,16,22,25,44,53,83,40,53,39,21,11,67,50,55,47,49,42,53,69,20,79,64,44,85,24,27,50,27,32,28,23,79,40,15,88,93,54,42,58,85,162,106,61,35,30,52,18,48,45,19,50,52,29,23,69,40,51,40,17,32,25,62,39,12,15,41,43,31,8,13,30,11,34,9,35,59,63,51,39,48,15,50,99,64,22,50,46,32,30,35,34,33,25,48,34,52,73,64,59,87,83,59,50,51,31,32,23,26,28,27,12,58,79,78,74,110,68,78,37,34,81,89,113,79,75,14,23,35,13,22,50,33,13,11,27,12,23,16,33,,10,26,25,38,21,25,25,17,30,32,36,29,28,9,34,52,52,,67,69,35,,37,55,81,63,62,71,23,22,10,20,14,12,22,18,30,43,29,33,22,18,14,16,23,9,10,23,12,16,21,25,49,58,31,20,35,36,35,76,46,52,24,29,40,47,22,67,61,28,42,35,29,50,29,25,48,40,39,42,40,29,42,58,87,41,76,62,48,37,78,55,60,51,64,47,30,54,18,53,38,32,38,40,32,26,15,34,40,21,26,29,27,28,42,23,34,11,38,53,49,66,66,79,82,64,47,57,48,42,13,28,38,22,15,25,31,31,7,8,38,28,19,24,23,18,28,31,20,28,44,22,90,38,16,11,2,22,60,61,53,55,94,33,43,39,115,21,53,53,,99,29,97,7,15,21,9,14,43,50,21,48,61,45,21,2,47,17,31,13,22,30,33,16,12,
20161120,19,NO2_24h,53,37,61,50,30,78,57,20,40,35,34,51,62,74,44,35,30,35,50,48,40,63,23,24,39,12,50,41,25,31,22,24,29,61,65,81,44,45,56,21,15,51,57,40,44,44,46,43,58,29,86,43,37,73,32,44,58,50,49,40,31,76,38,11,60,71,44,42,47,67,91,63,64,41,31,39,47,41,34,18,28,39,38,36,40,35,38,36,28,18,26,61,40,23,8,22,25,28,6,11,37,14,28,14,49,32,42,44,29,60,32,63,61,73,28,33,21,24,28,18,29,23,28,53,40,42,83,78,70,87,58,54,44,50,24,24,18,31,10,26,12,51,48,54,39,67,44,42,43,34,65,57,60,55,60,24,33,42,16,18,30,33,18,17,29,17,19,15,21,,8,15,12,52,39,40,36,27,38,38,55,24,36,12,30,51,40,,44,49,54,,60,50,56,67,49,36,49,20,10,31,20,12,12,18,33,27,26,32,23,12,12,12,18,16,8,23,21,21,23,26,39,37,28,16,39,31,42,52,37,41,36,31,35,42,36,52,52,28,28,22,28,37,19,28,47,29,26,23,36,25,51,71,99,72,69,51,39,45,63,46,41,42,36,34,10,23,31,30,25,26,21,28,33,23,14,20,21,17,17,22,20,32,24,17,25,9,23,49,38,39,47,52,35,46,31,37,35,19,62,32,39,13,14,31,37,33,23,15,32,13,18,17,31,12,24,19,16,25,20,21,43,19,29,28,38,16,39,54,42,39,54,58,53,20,81,24,43,44,,71,27,63,12,13,19,18,27,17,51,30,29,55,41,33,20,57,32,44,33,20,15,38,12,10,
20161120,19,O3,17,20,20,6,24,3,4,60,41,2,28,14,12,6,52,20,47,19,22,51,24,38,80,76,34,23,31,32,60,93,65,70,54,26,30,19,20,8,38,48,76,5,22,6,13,10,32,11,11,70,5,6,39,22,64,59,25,46,44,53,59,39,25,24,8,27,45,61,36,6,9,6,27,39,44,14,63,29,21,48,21,26,29,62,6,4,22,25,55,53,55,19,42,78,64,39,10,75,76,46,20,57,7,70,20,14,11,127,67,19,54,61,14,20,33,17,31,31,35,48,27,40,43,51,16,8,13,5,2,6,6,44,37,65,40,78,39,44,53,29,21,42,29,33,32,61,28,44,36,90,12,5,15,20,7,73,90,43,52,65,26,25,60,91,65,68,62,63,31,,67,55,57,18,41,37,67,58,42,40,32,12,32,79,24,30,3,,2,7,5,,65,24,8,49,14,11,47,48,58,63,68,58,42,69,30,21,36,25,52,61,57,52,54,64,57,65,59,42,65,56,74,42,46,45,43,13,41,13,56,32,47,13,27,28,39,24,45,24,9,15,31,13,5,2,4,7,15,11,18,9,31,6,4,4,2,5,29,14,3,3,32,29,6,34,30,7,40,16,6,16,12,60,16,29,59,43,6,23,33,23,18,14,63,16,43,26,29,52,98,40,44,49,7,33,61,4,64,23,56,92,65,77,47,78,49,13,58,90,76,68,42,57,63,68,63,46,58,56,34,40,40,58,65,45,109,61,39,20,29,16,32,83,46,53,14,70,51,32,,92,78,8,102,20,61,98,79,49,22,35,38,31,46,40,59,50,58,38,53,50,99,16,71,41,
20161120,19,O3_24h,21,54,34,43,48,6,39,70,59,25,68,46,18,47,65,54,76,61,58,69,45,41,80,83,41,26,41,39,60,93,75,77,58,43,50,41,81,36,48,70,113,86,40,36,22,62,54,43,39,77,17,61,41,161,100,83,114,86,84,124,99,103,55,52,15,86,104,95,79,17,89,76,56,46,47,18,64,70,58,57,52,56,58,68,47,99,55,54,59,73,70,44,65,97,68,71,49,84,140,56,54,109,36,93,47,90,77,127,104,42,58,81,30,40,39,48,69,45,51,74,49,71,65,75,27,26,43,13,11,39,28,59,46,89,65,111,62,61,100,62,42,80,103,90,101,149,87,96,81,130,33,39,76,43,26,83,112,60,74,71,63,61,66,92,81,76,79,69,69,,74,75,81,35,41,38,67,58,51,43,49,43,43,72,39,53,95,,52,69,21,,81,58,52,60,29,72,55,61,61,68,75,62,59,105,45,57,62,42,70,93,80,72,70,70,66,76,61,51,65,67,96,97,74,46,52,28,166,42,64,56,77,26,30,47,48,46,94,53,55,62,53,38,21,6,17,39,43,45,35,54,42,16,23,9,34,47,75,29,51,20,72,50,49,52,85,63,52,94,9,31,49,69,27,49,59,64,46,42,49,71,39,46,141,36,80,40,72,85,134,106,108,117,53,46,79,15,125,86,66,109,92,95,47,90,73,48,75,118,125,94,73,101,83,96,92,95,98,75,81,77,85,83,83,51,109,83,85,78,69,52,98,91,79,94,74,86,80,79,,134,88,81,108,32,94,107,98,84,52,59,69,57,68,41,59,64,72,56,66,55,123,38,78,53,
20161120,19,O3_8h,8,31,25,11,36,4,25,60,46,14,52,31,14,25,54,40,64,44,42,53,19,30,61,79,32,19,32,23,40,76,67,74,55,14,25,28,22,15,29,62,70,21,33,19,16,23,45,20,24,72,8,13,34,94,86,71,73,66,64,91,76,72,35,36,9,47,88,82,61,11,47,46,39,37,38,14,54,46,24,52,38,41,39,47,26,17,44,41,47,64,61,33,47,78,64,54,26,71,84,49,35,79,26,76,27,61,53,94,86,26,51,62,21,22,27,34,55,37,43,63,38,60,53,54,17,15,31,6,4,26,13,50,38,71,54,94,48,47,83,45,34,54,68,60,69,108,56,67,45,110,21,24,54,28,18,72,103,48,54,65,47,43,61,90,72,72,70,65,54,,69,67,72,21,32,27,45,50,33,30,35,16,33,63,27,30,11,,20,14,7,,66,44,34,42,21,33,49,54,59,64,66,59,55,81,35,42,49,31,61,81,69,63,60,65,60,69,53,45,59,60,73,58,62,41,37,17,35,22,50,40,60,14,23,30,37,31,68,34,18,27,37,24,14,2,8,11,21,21,26,12,34,9,11,4,5,9,57,18,9,9,56,38,22,44,66,37,43,45,7,16,29,60,21,37,49,51,27,30,40,51,27,27,107,28,69,33,53,56,103,79,61,76,29,31,67,8,93,61,55,91,76,88,41,78,64,33,69,104,109,88,62,82,72,84,82,72,79,64,63,62,64,70,70,48,89,73,59,57,49,31,71,64,68,83,51,81,66,61,,107,74,53,102,23,79,102,90,73,35,49,60,45,61,35,50,44,52,42,55,50,115,26,67,48,
20161120,19,O3_8h_24h,10,40,25,34,42,5,31,68,47,20,58,37,14,25,54,45,65,53,49,57,32,32,61,79,32,19,32,28,40,76,67,74,55,21,36,30,35,23,38,63,73,81,34,20,17,48,46,23,25,72,11,59,34,96,88,71,75,66,65,93,83,72,35,44,9,47,89,83,62,11,50,47,40,37,38,14,54,51,53,52,46,45,39,47,37,17,47,43,47,68,62,33,47,78,65,61,46,72,132,50,39,84,29,76,27,69,58,94,86,26,51,62,21,24,27,40,64,41,45,68,42,62,55,61,19,20,32,11,5,26,27,50,38,71,55,94,50,47,89,45,35,54,68,60,69,108,58,67,45,110,21,28,54,28,18,79,103,49,55,65,49,43,61,90,72,74,70,65,60,,70,71,77,22,32,28,45,50,37,32,35,31,33,63,31,44,95,,25,37,8,,66,44,35,42,21,33,49,56,59,64,66,60,56,99,36,46,52,32,63,86,77,65,67,65,62,70,53,45,59,60,75,83,63,41,38,23,87,34,51,41,72,15,24,45,37,46,72,41,53,62,46,34,15,2,10,27,40,33,26,40,34,12,13,6,11,17,59,18,10,14,61,38,46,44,69,59,43,56,8,24,40,60,21,38,49,57,32,32,40,53,35,27,107,30,70,33,53,56,103,79,61,76,29,34,72,13,93,62,55,91,76,88,41,78,64,35,69,104,109,89,62,82,72,84,82,72,80,64,64,65,65,70,70,48,89,73,59,58,51,32,71,64,68,86,52,82,68,62,,107,78,55,102,29,79,102,90,76,36,54,63,45,61,35,54,47,52,43,55,51,117,26,68,48,
20161120,19,CO,0.76,1.14,0.77,2.53,0.56,1.42,1.55,0.50,0.43,2.00,0.97,1.30,0.85,3.00,0.72,0.74,0.87,1.32,1.05,1.00,1.21,1.20,0.60,0.60,0.60,0.70,1.02,1.03,0.73,0.60,0.54,0.30,0.55,1.15,1.01,1.07,1.50,1.10,1.05,0.80,1.00,1.10,1.43,1.70,1.79,0.72,0.53,1.70,1.96,0.30,3.04,1.82,1.21,1.00,0.67,0.63,0.72,0.67,0.83,0.90,0.90,1.23,0.89,0.47,1.75,1.53,0.79,0.72,0.67,2.41,4.13,2.65,1.00,0.95,1.18,1.26,1.20,1.06,0.82,1.10,0.77,1.28,0.60,0.45,1.67,2.90,1.10,1.08,0.34,0.44,0.77,0.95,0.67,0.43,0.37,1.00,1.12,1.08,0.60,0.77,0.90,0.87,1.05,1.15,0.95,1.80,1.75,1.30,0.77,1.70,1.18,1.62,5.30,2.47,0.90,0.98,0.72,0.67,0.84,0.94,1.13,0.60,0.84,1.57,1.27,1.41,3.07,2.65,3.15,3.00,2.63,2.53,1.52,1.50,1.42,1.80,1.77,1.30,0.57,0.93,0.60,0.95,1.78,1.42,0.80,1.87,1.20,1.34,0.83,1.50,1.75,2.97,3.40,1.73,2.30,0.40,0.60,0.67,1.52,1.30,0.80,0.85,0.50,0.20,0.30,0.55,0.30,0.55,0.85,,0.50,0.40,0.40,1.17,0.85,0.95,0.60,0.95,0.95,0.90,1.15,1.65,1.35,0.55,1.35,1.30,1.40,,1.50,2.13,2.25,,1.54,1.30,2.50,2.35,2.95,1.85,0.60,0.60,,0.25,0.35,0.43,0.60,0.40,0.74,0.85,0.50,0.98,0.83,0.50,1.55,0.65,1.00,0.50,1.07,0.73,0.35,0.47,0.55,0.73,0.70,1.40,0.85,1.40,0.62,1.65,0.77,1.67,1.40,1.40,0.90,1.35,0.70,1.10,1.10,2.00,1.17,0.85,1.03,0.87,0.73,0.90,1.50,2.45,1.47,1.07,1.15,1.40,1.10,1.40,1.15,3.50,3.05,2.37,3.53,2.65,2.06,1.07,2.57,2.00,2.00,2.20,1.83,1.50,1.65,1.40,1.47,2.43,1.55,1.46,1.27,1.18,1.57,0.75,1.18,1.65,1.45,1.10,0.77,1.13,0.83,1.10,0.85,0.50,0.85,0.80,0.85,1.53,0.97,1.13,1.60,1.07,2.30,3.00,0.97,1.65,1.10,1.10,0.80,0.70,0.53,0.63,1.05,0.70,1.30,1.00,0.40,0.90,0.90,0.45,0.30,0.65,1.00,0.37,0.75,0.80,0.70,1.00,1.05,1.20,3.00,0.65,0.45,0.60,0.45,0.20,1.60,2.00,1.65,1.45,1.55,1.40,0.80,0.45,1.90,0.55,1.30,0.90,,2.90,1.20,2.00,0.80,0.40,0.50,0.70,0.20,0.80,1.10,0.85,0.80,1.80,0.90,0.80,1.00,0.75,1.10,1.20,0.80,0.90,0.90,0.90,1.55,0.30,
20161120,19,CO_24h,1.44,1.13,2.08,1.97,0.48,2.88,1.47,0.53,0.70,1.43,0.87,1.60,2.08,2.31,1.15,0.58,0.88,1.09,1.00,1.16,1.39,1.44,0.93,0.90,1.40,1.20,1.43,1.23,1.20,1.30,1.08,0.80,1.10,1.39,1.11,1.02,1.60,1.30,1.30,0.67,1.07,1.00,1.47,0.95,1.54,0.75,0.60,1.75,1.74,0.51,3.07,1.54,1.18,1.09,0.76,0.60,0.94,0.73,0.90,1.08,0.88,1.20,0.83,0.50,1.67,1.97,0.90,1.06,1.07,2.14,2.20,2.15,1.85,1.07,1.10,1.22,1.88,0.86,0.78,1.08,0.67,1.20,0.83,0.95,1.20,2.60,1.07,1.20,0.92,0.38,0.87,1.70,1.33,0.70,0.40,0.93,0.84,1.05,0.63,0.73,1.05,1.00,0.95,1.15,1.25,1.30,1.32,1.00,1.83,2.63,1.45,2.98,3.93,2.43,1.65,0.83,0.58,0.67,0.96,0.76,1.10,0.54,0.94,1.93,1.40,1.40,3.95,5.25,3.10,4.53,2.30,1.93,1.56,1.40,1.30,1.60,1.60,1.13,0.50,0.95,0.60,1.15,1.52,1.74,0.80,1.83,1.35,1.16,0.95,0.95,1.50,1.73,2.13,1.47,1.63,1.00,0.70,1.10,1.52,1.23,0.85,1.30,0.40,0.50,0.45,0.60,0.40,0.55,0.60,,0.45,0.35,0.20,1.27,1.10,1.25,1.25,1.15,1.20,1.27,1.65,1.70,1.70,0.90,1.35,1.20,1.35,,1.10,1.48,3.07,,2.62,1.32,2.10,2.88,2.15,1.30,1.70,0.67,,0.45,0.75,0.47,0.45,0.80,0.88,0.65,0.33,0.97,0.70,0.30,1.40,0.55,0.90,0.55,1.10,0.97,0.70,0.70,0.45,0.57,0.50,0.90,0.95,0.70,1.23,1.40,1.50,1.45,1.10,1.33,1.05,1.20,1.30,1.10,1.75,1.50,1.47,0.88,1.10,0.67,0.73,0.80,1.05,2.17,1.10,0.93,1.02,0.75,1.25,1.38,1.15,4.30,3.85,3.07,3.13,2.02,1.96,1.77,2.00,1.80,1.83,2.10,1.50,1.23,1.40,1.30,1.40,1.93,1.60,1.44,1.18,0.97,1.42,0.72,1.28,1.55,1.25,0.85,0.73,0.93,0.73,0.95,0.65,0.75,0.90,0.75,0.75,1.50,0.83,1.13,1.33,0.77,1.80,2.00,0.80,1.20,1.13,0.50,0.80,0.95,0.67,0.57,1.00,0.75,1.35,0.80,0.60,1.00,1.05,0.25,0.30,0.65,1.05,0.30,0.65,0.75,0.45,0.80,0.75,0.95,1.50,0.60,0.90,1.20,1.00,0.25,1.63,2.40,1.60,0.90,1.20,1.45,1.30,0.45,1.60,0.50,1.05,1.10,,2.00,0.70,2.10,0.80,0.40,0.60,1.00,0.50,0.60,1.63,1.00,0.60,1.85,1.35,1.00,2.00,1.35,1.20,1.83,1.55,1.00,0.80,1.70,1.60,0.10,
20161120,20,AQI,30,58,114,83,50,111,121,82,32,81,67,121,121,272,68,73,42,68,65,37,33,24,33,40,64,63,34,52,39,44,49,52,40,37,51,94,49,31,47,57,29,61,81,74,49,25,29,56,115,47,244,80,105,60,31,34,56,30,55,43,40,100,37,31,144,107,64,58,158,223,214,124,117,33,98,112,176,97,65,37,55,76,16,53,134,208,72,60,57,44,65,64,55,53,27,72,22,48,39,59,21,37,47,41,15,64,89,106,51,82,79,81,286,161,54,83,61,37,47,55,68,56,39,56,18,69,235,174,207,271,264,241,208,131,94,143,133,56,41,52,33,101,139,70,197,164,145,108,103,51,202,225,166,227,244,67,66,104,22,83,75,72,42,39,51,41,52,29,57,,36,35,40,34,27,44,54,44,41,56,20,52,21,40,45,29,43,,76,156,65,,75,123,226,187,133,169,114,42,24,100,99,32,34,103,60,88,50,66,49,36,33,33,46,45,21,27,60,58,86,66,79,93,51,34,45,56,80,111,90,65,39,71,75,53,73,171,73,21,20,24,16,34,89,76,68,67,34,45,86,63,115,201,211,138,194,204,114,106,176,111,134,141,86,134,75,61,99,101,95,85,90,115,40,67,93,69,113,43,46,69,43,27,90,30,55,54,65,95,89,145,133,119,131,143,89,114,106,96,44,59,78,39,80,110,40,51,53,33,79,26,42,34,31,63,53,56,46,55,53,41,114,89,75,83,34,57,139,103,118,149,147,84,88,75,168,78,119,124,,105,53,158,54,73,56,55,44,86,108,169,100,150,62,24,40,95,413,497,500,56,38,47,52,27,
20161120,20,PM2.5,21,41,86,61,34,84,92,28,21,60,40,92,92,222,17,53,26,49,47,26,22,16,14,14,24,22,23,33,20,17,14,12,15,21,32,70,34,22,32,35,20,30,60,54,34,17,20,25,87,12,194,58,79,40,21,12,36,20,34,30,26,75,19,12,110,78,37,21,70,173,150,79,68,17,73,76,22,34,47,11,39,56,6,19,102,158,51,35,19,17,23,35,37,13,8,32,12,25,27,42,15,26,21,28,9,43,66,80,17,59,24,60,236,123,35,61,44,24,33,39,49,40,27,40,12,50,185,132,157,221,214,191,158,100,70,109,101,35,20,28,13,67,106,34,148,125,99,81,77,19,152,175,126,177,194,26,18,34,13,19,37,35,11,8,17,17,21,13,31,,17,16,14,15,17,22,18,23,29,40,14,32,15,19,21,19,29,,56,119,47,,55,93,176,141,96,128,43,26,16,29,13,16,14,52,43,65,35,48,31,25,17,23,32,25,12,19,41,41,64,48,42,69,34,16,24,33,59,84,67,39,27,52,55,30,53,130,53,13,12,14,10,24,64,56,43,42,24,30,64,45,87,151,161,105,146,154,86,80,133,84,102,108,64,102,55,37,74,76,71,63,67,87,23,46,69,50,85,30,27,29,24,19,67,20,29,38,35,47,66,111,101,90,74,109,62,86,53,40,21,42,52,24,46,83,10,36,29,16,35,11,25,21,16,37,34,29,14,31,25,28,86,41,51,61,24,15,106,68,89,114,60,60,37,45,96,28,90,85,,79,28,105,14,38,14,17,17,47,55,50,60,98,29,7,20,60,113,187,156,28,14,33,12,16,
20161120,20,PM2.5_24h,72,41,159,48,24,129,97,18,24,45,41,77,120,121,28,31,28,36,51,56,37,42,38,33,63,61,61,47,38,54,42,32,51,63,60,71,49,51,56,45,40,67,101,52,51,24,42,38,85,24,215,69,56,45,27,23,50,29,40,40,36,81,26,13,94,102,43,32,63,136,90,70,71,31,52,53,42,26,44,25,24,33,39,51,65,132,34,54,55,16,34,56,69,35,14,24,22,45,31,31,36,38,34,32,36,60,69,45,19,149,37,114,167,126,72,39,25,31,38,26,53,34,39,94,40,48,228,212,179,222,175,138,105,93,59,64,64,47,23,29,10,82,96,43,119,168,125,74,74,22,129,77,56,97,134,36,24,48,22,25,35,81,21,21,21,20,18,16,21,,13,11,13,51,51,50,40,51,35,77,53,54,55,38,58,70,60,,42,123,149,,113,77,90,128,65,98,53,30,16,22,15,16,11,32,40,36,30,52,30,20,22,28,29,29,15,32,39,33,28,32,36,44,63,7,74,66,89,56,47,31,54,86,96,36,89,81,60,26,12,13,16,20,54,46,58,47,22,34,70,53,82,190,208,161,157,177,115,97,168,69,106,140,65,109,59,43,75,80,59,42,45,60,14,46,41,31,55,32,21,30,19,24,61,19,42,17,37,44,71,85,82,82,49,77,56,46,53,24,31,32,58,21,23,79,23,41,44,16,70,12,27,13,23,29,32,27,13,25,18,40,54,18,64,66,27,15,83,65,83,70,68,61,77,32,54,26,64,63,,57,52,86,17,36,22,29,18,20,74,54,34,56,33,23,21,78,100,157,102,25,22,49,15,11,
20161120,20,PM10,,62,126,98,50,169,144,114,32,102,84,133,132,357,85,68,42,56,62,35,33,21,33,40,77,75,34,53,39,44,49,54,40,37,52,102,48,29,47,63,29,71,72,83,34,25,28,61,161,47,237,109,98,69,31,34,62,30,59,42,40,134,37,31,149,163,77,65,265,277,360,197,183,33,125,174,301,143,59,37,55,61,16,55,158,271,93,69,63,44,80,77,60,56,27,94,22,48,35,60,,31,47,41,14,78,106,145,52,113,107,86,409,174,57,83,64,37,42,51,52,54,39,57,18,60,302,159,173,339,327,272,188,140,89,173,122,62,41,53,33,152,166,89,235,188,239,141,116,52,261,344,198,244,293,84,81,158,22,116,99,93,42,39,51,41,54,29,64,,36,35,40,34,27,44,57,44,32,55,16,53,18,40,45,29,43,,91,236,66,,70,188,260,198,215,239,178,42,24,149,147,32,34,156,65,86,40,58,49,28,33,33,43,45,21,25,69,59,73,50,108,74,52,34,45,61,70,131,115,79,28,82,66,56,92,159,60,21,20,24,16,26,128,101,85,84,33,45,94,66,138,219,242,151,261,324,148,101,281,135,131,140,99,135,92,71,89,118,94,75,83,156,40,83,121,82,129,36,46,88,43,26,128,30,60,40,80,139,84,153,187,166,212,183,127,144,162,142,44,60,105,39,110,100,40,51,56,33,108,26,42,34,31,75,55,62,46,59,55,41,,127,100,,30,64,159,155,138,182,244,118,126,99,285,105,182,198,,143,55,265,58,96,61,60,44,121,165,288,150,249,73,24,40,139,513,597,652,61,38,47,54,27,
20161120,20,PM10_24h,,55,231,86,40,265,141,73,56,70,66,143,190,226,92,42,40,47,64,33,57,81,69,60,106,82,104,87,57,81,82,70,57,95,96,111,67,71,89,77,59,112,125,72,64,56,84,65,135,62,262,93,78,81,43,37,79,47,69,64,69,116,45,32,135,188,92,90,180,251,265,218,157,38,84,100,131,85,55,50,37,48,47,73,103,229,69,87,95,43,77,78,90,65,38,66,23,69,46,53,69,62,57,54,47,83,106,78,43,198,100,178,262,229,115,53,39,46,50,59,68,52,54,144,62,61,348,323,220,335,234,218,134,138,75,104,90,67,44,42,27,150,140,94,196,219,222,112,130,64,233,176,136,207,243,128,67,155,34,73,66,141,53,49,47,43,50,39,52,,33,37,36,115,86,80,88,94,43,110,78,94,81,56,126,103,81,,75,204,256,,158,139,169,229,159,233,133,44,22,82,49,23,23,122,66,51,39,85,57,23,32,38,38,41,27,44,66,51,45,40,74,44,76,21,101,97,103,81,68,59,77,124,83,53,105,113,75,42,23,24,27,36,95,81,100,66,33,52,112,73,136,292,318,210,217,278,182,179,273,111,136,159,93,139,90,62,94,117,84,54,61,104,29,72,75,51,98,44,39,53,33,41,92,34,62,23,58,172,93,122,133,128,147,129,102,76,134,51,51,53,103,32,60,97,71,64,76,42,105,21,46,34,41,52,56,48,26,55,36,46,95,49,88,69,64,42,173,174,122,168,193,171,182,81,180,72,164,152,,130,125,305,50,78,61,89,40,49,156,175,109,133,57,48,42,194,429,451,326,39,43,62,41,22,
20161120,20,SO2,2,11,23,59,24,47,23,8,8,7,37,34,26,173,23,69,35,49,53,11,9,10,16,9,14,9,11,10,12,10,7,9,7,8,10,15,13,8,6,11,7,19,27,9,9,5,6,16,32,14,16,10,14,17,5,8,15,9,9,9,9,13,10,4,15,17,17,16,13,41,55,35,56,10,19,42,12,22,38,15,58,63,8,8,22,23,36,16,21,15,13,23,33,10,5,41,8,10,8,6,7,8,6,6,6,24,21,11,46,38,18,50,449,34,48,77,43,17,48,20,53,28,20,9,6,15,28,38,17,32,47,33,21,17,9,20,12,10,9,6,1,12,30,37,22,15,13,17,10,8,36,85,124,24,54,31,5,76,7,6,16,15,4,6,32,12,6,8,12,,4,5,3,5,7,17,20,9,11,11,3,7,21,9,6,6,17,,227,9,16,,31,54,77,73,69,207,19,13,3,13,25,6,34,31,37,64,20,61,13,18,16,25,18,6,7,8,11,19,11,12,6,25,16,7,12,21,12,66,19,8,62,18,12,13,15,29,21,7,6,11,4,5,7,33,36,23,18,25,30,9,24,24,17,6,24,9,21,7,15,18,11,9,14,15,3,9,6,7,18,8,39,22,19,21,14,10,5,4,13,10,23,7,10,13,7,8,14,19,8,20,63,24,17,14,13,7,26,17,33,16,26,28,15,9,15,9,7,12,37,10,4,4,31,12,9,12,8,3,10,22,11,11,24,32,18,4,15,52,17,34,46,40,33,9,29,10,111,121,,61,33,23,18,40,19,17,48,25,42,21,20,19,9,6,9,25,3,16,25,23,12,108,9,15,
20161120,20,SO2_24h,5,12,34,56,17,59,37,13,11,7,20,33,33,159,37,54,29,42,45,15,10,15,16,12,16,11,18,13,12,11,9,12,11,13,12,19,20,11,10,12,9,17,16,10,11,6,15,16,23,17,28,10,14,19,7,13,18,16,18,15,10,22,10,4,18,22,15,21,9,33,41,38,124,19,20,21,32,24,31,16,34,70,11,12,25,25,23,29,19,14,18,26,37,14,6,29,8,15,8,9,11,12,8,11,10,19,25,14,29,38,61,83,252,67,84,52,21,22,62,18,51,20,18,13,9,18,40,48,35,38,31,27,26,19,10,12,12,10,10,8,2,14,29,50,27,23,19,12,14,15,34,41,62,26,36,31,11,121,8,5,19,22,8,9,17,15,7,8,18,,4,6,7,9,13,22,25,14,14,15,12,11,23,10,8,10,23,,72,10,20,,74,97,165,98,109,124,87,13,3,38,28,9,19,28,89,48,15,106,18,16,13,12,18,8,7,15,15,26,8,13,8,36,19,8,11,16,14,30,16,8,24,21,13,14,14,26,23,9,7,10,8,6,7,33,40,20,13,21,27,7,31,42,28,24,34,10,20,9,16,22,17,11,12,17,7,8,6,10,30,9,25,17,20,18,12,10,7,5,10,11,20,12,9,10,8,8,22,30,16,21,48,19,27,14,17,5,13,15,36,32,21,24,14,11,22,8,19,11,32,9,4,4,25,22,12,11,10,2,9,16,7,6,14,31,51,5,18,36,26,27,71,67,47,11,28,11,88,53,,50,18,33,18,23,20,27,34,20,92,49,12,20,11,17,12,32,3,17,71,26,7,48,10,13,
20161120,20,NO2,29,40,43,61,30,52,58,16,28,55,52,71,60,103,19,60,37,44,55,32,39,47,17,17,39,10,32,34,18,21,16,20,26,38,49,84,35,50,33,19,8,64,50,41,46,50,37,51,68,22,74,64,43,72,21,25,50,24,34,25,20,54,34,13,80,109,55,50,84,84,154,103,41,38,31,45,17,37,45,17,49,54,29,24,66,38,48,34,16,33,21,72,33,13,11,33,39,26,6,10,28,12,19,10,30,57,69,40,50,50,13,49,93,51,18,54,49,24,26,32,29,34,27,48,31,50,78,60,59,81,80,56,49,57,28,27,19,30,22,34,17,63,81,70,84,118,56,93,39,28,84,83,119,81,76,22,15,27,14,20,35,21,10,10,37,11,18,15,24,,7,21,12,31,24,23,27,18,31,23,29,24,27,8,33,50,50,,66,69,28,,39,50,75,67,56,71,14,15,10,20,12,9,23,19,27,48,33,27,23,15,10,22,11,9,7,16,13,14,20,22,44,40,30,10,32,33,34,81,49,41,23,31,38,43,20,75,60,21,37,29,30,50,21,28,46,41,44,39,41,26,47,52,82,39,72,60,50,34,77,57,48,61,62,43,34,59,27,47,37,29,35,38,28,25,17,30,30,17,33,36,33,29,15,24,35,22,38,36,62,77,69,112,66,62,41,55,55,41,73,39,73,23,13,23,61,32,20,11,60,40,21,21,28,21,28,37,29,42,38,28,87,74,55,35,3,12,54,75,55,53,35,76,52,41,113,16,49,55,,101,62,92,23,27,43,24,45,46,24,14,62,69,61,11,2,57,22,44,16,31,35,47,19,12,
20161120,20,NO2_24h,50,37,58,51,29,75,54,20,39,35,35,49,60,75,44,36,30,35,50,45,39,60,21,23,38,13,48,39,24,29,21,23,28,58,63,79,43,44,53,19,15,50,56,39,43,43,45,43,57,28,85,43,37,70,31,42,57,48,48,39,30,74,38,11,60,71,43,42,47,67,94,63,62,41,30,39,45,41,35,18,29,40,37,35,39,35,39,36,27,18,26,61,39,22,9,22,24,27,6,11,35,14,27,14,48,32,42,43,30,59,31,63,61,73,27,34,23,25,28,19,28,23,27,52,39,41,83,75,69,86,58,53,44,49,24,24,18,31,11,27,12,51,49,54,40,68,44,42,41,33,65,57,61,56,59,23,32,41,16,18,30,32,18,17,30,17,19,15,21,,8,15,12,49,36,38,34,25,37,37,53,24,35,11,29,50,38,,46,50,54,,59,50,56,66,49,37,48,19,9,30,20,11,12,17,32,28,27,32,22,12,12,12,17,15,8,23,20,20,22,25,40,36,29,16,39,31,42,53,37,41,34,31,35,40,36,52,52,27,28,21,28,36,18,27,46,30,27,24,36,25,50,69,98,70,70,52,38,44,65,46,41,43,36,34,11,23,30,30,25,26,22,29,33,23,13,21,21,16,17,22,20,32,10,17,25,10,24,49,38,39,48,55,36,45,31,37,35,19,61,32,39,13,13,30,37,31,23,15,33,13,18,17,31,13,23,19,16,25,20,21,43,20,30,28,37,16,39,54,42,40,53,58,52,21,83,22,43,44,,72,28,63,13,12,21,18,28,18,51,28,30,55,42,32,18,56,31,43,29,20,16,39,13,10,
20161120,20,O3,23,23,16,11,26,3,5,68,45,1,26,13,11,4,58,13,39,25,26,58,31,37,82,79,31,26,41,32,59,95,64,72,51,35,36,12,25,8,39,47,77,5,16,11,12,8,31,10,10,67,5,4,39,9,64,56,17,45,37,48,57,27,23,25,7,9,39,46,16,7,9,8,35,37,42,19,66,34,21,50,19,23,26,62,4,4,24,29,57,49,57,11,48,77,67,45,10,68,74,47,22,57,23,78,27,10,6,107,45,13,55,60,13,29,37,13,28,39,37,48,29,33,41,45,20,8,39,5,2,6,6,40,38,48,36,75,36,37,60,15,16,28,16,29,15,44,27,35,24,90,21,7,12,11,5,66,95,46,49,69,42,37,59,92,47,65,66,62,40,,71,61,69,28,43,42,61,66,42,56,38,21,31,79,22,29,3,,4,5,14,,56,20,8,42,11,7,58,55,59,66,77,61,39,80,30,18,30,29,54,67,61,45,66,63,58,67,60,44,69,58,75,49,44,49,50,15,42,15,51,34,58,11,27,31,38,26,63,32,10,16,27,15,4,2,4,7,10,10,15,8,22,6,4,4,3,5,25,15,3,2,38,16,6,37,13,3,26,12,6,16,11,58,18,27,57,50,7,24,24,16,15,10,49,12,38,15,18,56,63,32,29,8,6,31,58,4,38,18,43,64,37,68,51,76,13,8,42,82,49,52,27,53,55,61,56,34,45,17,33,41,13,22,29,34,109,68,38,9,18,16,68,40,31,44,12,73,48,32,,73,76,5,69,15,29,64,48,30,39,38,24,17,28,37,58,41,51,34,47,42,93,,64,42,
20161120,20,O3_24h,24,54,34,43,48,6,39,70,59,25,68,46,18,47,62,53,76,61,58,71,45,42,82,83,41,26,44,42,60,95,75,77,58,44,51,41,63,36,48,70,108,86,40,36,22,62,54,39,39,77,17,61,41,161,100,83,114,86,84,124,99,103,53,52,15,86,104,95,79,17,82,76,56,46,47,21,67,70,57,57,52,56,58,68,47,99,55,54,60,73,70,44,65,97,68,71,49,84,140,55,54,109,36,93,47,90,77,127,104,42,58,81,30,40,40,48,69,45,51,74,49,71,65,75,27,26,64,13,11,39,28,59,46,89,65,111,62,61,100,62,42,80,103,90,101,149,87,96,81,130,35,39,76,43,26,83,112,60,74,72,63,61,67,93,81,76,79,69,69,,74,75,81,35,43,43,67,66,51,56,49,43,43,72,39,53,95,,49,59,14,,81,58,52,60,29,72,58,61,61,68,77,62,59,105,45,57,62,42,70,93,80,72,70,70,66,76,61,51,69,67,96,97,74,49,59,28,167,42,64,56,86,26,30,47,48,46,94,52,55,62,53,38,21,6,17,33,41,39,35,54,42,16,23,9,24,47,75,29,50,20,72,50,49,52,85,63,52,94,9,31,49,69,27,44,60,64,46,42,49,71,38,46,134,36,80,40,72,85,134,106,108,117,53,45,79,15,125,86,66,109,92,95,51,90,73,48,75,118,125,94,73,101,83,96,92,95,98,75,81,77,85,83,83,51,109,83,85,78,69,47,98,91,79,94,74,86,80,79,,134,88,81,108,32,94,107,98,84,52,59,69,57,68,41,59,64,61,51,66,55,123,38,78,53,
20161120,20,O3_8h,11,28,23,11,34,4,22,60,46,12,48,27,14,25,55,35,62,39,38,53,20,31,66,80,34,20,33,24,44,81,68,74,54,17,26,25,22,14,32,61,71,17,31,18,16,22,43,18,23,72,7,11,36,89,82,70,67,64,61,85,74,70,35,34,9,47,83,80,56,11,40,43,40,39,40,15,58,45,23,51,35,38,37,52,21,5,41,39,50,62,61,31,47,76,65,51,23,72,83,48,31,74,24,76,25,53,45,101,85,27,53,66,20,23,28,30,50,37,42,61,36,56,52,53,17,14,33,6,3,23,12,50,39,71,51,94,48,47,79,43,31,56,66,61,67,103,56,67,47,109,22,22,50,28,17,72,102,48,55,66,46,43,61,91,70,71,70,65,51,,70,66,71,22,34,29,48,52,34,33,35,16,31,65,26,30,9,,17,13,7,,68,42,31,44,21,32,51,55,59,64,68,59,52,80,35,38,46,30,60,79,67,62,60,64,59,68,54,45,60,60,70,55,60,44,40,16,37,20,53,41,59,14,24,30,39,30,67,33,16,24,34,22,13,2,7,11,19,19,25,12,34,8,9,4,4,9,52,19,8,8,53,36,20,42,59,32,42,41,7,16,27,60,21,35,51,50,26,30,39,46,26,25,97,26,66,32,52,60,103,76,62,74,28,31,66,8,92,57,54,91,73,86,42,80,59,31,66,104,103,84,59,81,73,81,80,71,76,62,61,58,59,66,68,47,97,74,62,52,42,30,73,64,63,78,48,80,64,59,,108,76,50,99,23,74,99,86,68,36,48,55,43,59,36,54,48,54,42,57,50,113,23,69,48,
20161120,20,O3_8h_24h,12,40,25,34,42,5,31,68,48,20,58,37,14,25,55,45,65,53,49,57,32,33,66,80,34,20,33,28,44,81,68,74,55,23,36,30,35,23,40,63,74,81,34,20,17,48,46,23,25,72,11,59,36,96,88,71,75,66,65,93,83,72,35,44,9,48,89,83,62,11,50,47,41,39,40,15,58,51,53,52,46,45,39,52,37,17,47,43,50,68,62,33,47,78,66,61,46,72,132,50,39,84,29,76,27,69,58,101,87,27,53,66,21,24,29,40,64,41,45,68,42,62,55,61,19,20,35,11,5,26,27,50,39,71,55,94,50,47,89,45,35,56,68,61,69,108,60,68,47,110,23,28,54,28,18,80,103,49,56,66,49,44,62,91,72,74,71,65,60,,71,71,77,22,34,30,48,52,37,33,35,31,33,65,31,44,95,,25,37,8,,68,44,35,45,21,33,51,57,59,64,68,60,56,99,36,46,52,32,63,86,77,65,67,65,62,70,54,46,60,60,75,83,63,44,40,23,88,34,54,42,73,15,24,45,39,46,72,41,53,62,46,34,15,2,10,27,40,33,26,40,34,12,13,6,11,17,59,19,10,14,61,38,46,44,69,59,43,56,8,24,40,61,21,38,51,57,32,32,41,53,35,27,102,30,70,33,54,61,104,79,63,76,29,34,72,13,93,62,55,92,76,88,42,80,64,35,69,104,109,89,62,82,73,84,82,72,80,64,64,65,65,70,70,48,97,74,62,58,51,32,73,65,68,86,52,82,68,62,,109,78,55,102,29,79,102,90,76,36,54,63,45,61,36,54,49,54,43,57,51,117,26,70,48,
20161120,20,CO,0.65,1.16,0.85,1.92,0.54,1.28,1.72,0.43,0.43,2.27,0.97,1.25,0.85,2.86,0.70,0.76,0.88,1.28,1.02,0.99,1.10,1.19,0.53,0.60,0.58,0.70,0.91,1.03,0.67,0.60,0.50,0.27,0.60,1.11,0.96,1.13,1.50,1.10,0.95,0.83,0.90,1.05,1.43,0.90,1.67,0.73,0.53,1.80,1.90,0.30,2.95,1.66,1.21,1.04,0.65,0.57,0.75,0.63,0.70,0.88,0.82,0.97,0.84,0.45,1.88,1.78,0.82,0.84,1.05,2.60,4.03,4.30,0.85,0.93,1.17,1.18,1.18,0.96,0.90,1.10,0.80,1.35,0.60,0.40,1.60,2.80,1.10,0.94,0.38,0.42,0.70,0.90,0.53,0.40,0.33,0.97,0.98,0.90,0.58,0.73,0.80,0.87,0.70,1.20,1.20,1.70,1.90,1.15,0.83,1.63,1.13,1.70,5.75,2.25,0.80,1.22,0.78,0.57,0.88,0.92,1.02,0.64,0.78,1.50,1.20,1.41,3.32,2.50,3.45,2.97,2.73,2.40,1.52,1.60,1.40,1.80,1.77,1.27,0.53,1.10,0.60,1.05,2.10,1.40,0.87,2.53,1.43,1.78,0.85,0.60,1.80,3.00,4.17,1.87,2.53,0.40,0.50,0.53,1.58,1.27,0.70,0.75,0.50,0.20,0.45,0.55,0.30,0.55,0.70,,0.50,0.35,0.30,1.10,0.80,0.80,0.60,0.85,0.95,0.53,1.10,1.55,1.25,0.50,1.35,1.30,1.40,,1.20,2.17,2.13,,1.66,1.26,2.53,2.55,3.00,2.05,0.53,0.53,,0.20,0.40,0.43,0.85,0.40,0.74,0.95,0.47,0.93,0.80,0.40,1.45,0.65,0.80,0.50,1.07,0.67,0.40,0.47,0.65,0.67,0.60,1.15,0.90,1.40,0.57,1.48,0.70,1.58,1.43,1.30,0.70,1.30,0.70,1.02,1.05,2.00,1.17,0.75,0.90,0.80,0.67,0.70,1.48,2.08,1.37,1.08,1.20,1.30,1.10,1.38,1.15,3.10,2.75,2.30,3.37,2.50,2.16,0.97,2.60,2.10,1.97,2.27,1.70,1.43,1.80,1.40,1.67,2.53,1.45,1.46,1.27,1.18,1.55,0.73,1.22,1.47,1.10,1.00,0.97,1.47,0.83,1.05,0.60,0.65,0.80,1.20,0.85,1.33,1.13,1.23,1.93,1.50,2.73,3.10,1.03,1.85,1.23,1.05,1.20,0.85,0.80,0.63,1.05,0.65,1.95,1.10,0.50,1.05,1.40,0.55,0.25,0.80,1.20,0.40,0.70,0.85,0.85,1.40,1.05,1.55,2.90,1.20,1.10,1.20,0.55,0.20,1.63,3.20,1.65,1.55,0.85,1.85,0.80,0.35,2.05,0.45,1.30,0.95,,2.45,2.40,2.30,1.00,1.20,0.80,0.90,0.60,1.10,0.70,0.60,1.15,1.95,1.30,0.65,1.10,0.80,1.10,1.33,0.85,1.00,1.30,1.30,1.60,0.30,
20161120,20,CO_24h,1.35,1.10,2.00,2.00,0.48,2.88,1.42,0.53,0.68,1.43,0.83,1.50,1.98,2.34,1.15,0.58,0.90,1.09,0.98,1.14,1.36,1.41,0.90,0.90,1.36,1.20,1.39,1.20,1.20,1.23,1.00,0.77,1.10,1.37,1.10,1.02,1.60,1.20,1.25,0.67,1.07,1.00,1.43,0.90,1.54,0.73,0.60,1.75,1.69,0.47,3.04,1.54,1.18,1.08,0.75,0.60,0.93,0.73,0.87,1.04,0.88,1.20,0.83,0.50,1.68,1.95,0.90,1.06,1.05,2.15,2.33,2.10,1.85,1.02,1.10,1.22,1.86,0.92,0.78,1.08,0.67,1.20,0.80,0.90,1.13,2.60,1.07,1.20,0.86,0.38,0.83,1.70,1.27,0.70,0.40,0.87,0.84,1.02,0.63,0.73,1.00,0.97,0.85,1.15,1.20,1.30,1.30,1.00,1.80,2.57,1.45,2.96,3.98,2.43,1.63,0.83,0.60,0.63,0.94,0.76,1.08,0.54,0.94,1.90,1.37,1.39,3.98,5.15,3.15,4.43,2.33,1.97,1.56,1.40,1.30,1.60,1.60,1.13,0.50,0.93,0.60,1.10,1.56,1.74,0.80,1.83,1.35,1.18,0.93,0.85,1.50,1.77,2.17,1.49,1.63,0.95,0.70,1.07,1.54,1.23,0.80,1.25,0.35,0.40,0.45,0.60,0.35,0.55,0.60,,0.45,0.35,0.20,1.27,1.10,1.25,1.20,1.15,1.15,1.27,1.55,1.65,1.70,0.85,1.35,1.20,1.35,,1.10,1.50,3.07,,2.62,1.32,2.07,2.88,2.15,1.35,1.67,0.67,,0.40,0.75,0.47,0.45,0.75,0.86,0.70,0.33,0.97,0.70,0.30,1.45,0.50,0.90,0.50,1.10,0.97,0.70,0.70,0.45,0.57,0.50,0.90,0.95,0.70,1.23,1.40,1.43,1.45,1.13,1.33,1.05,1.25,1.20,1.07,1.75,1.50,1.43,0.85,1.10,0.67,0.73,0.80,1.02,2.17,1.03,0.93,1.05,0.75,1.20,1.38,1.15,4.23,3.77,3.03,3.17,2.05,1.96,1.73,2.07,1.80,1.83,2.10,1.50,1.27,1.35,1.30,1.43,1.93,1.60,1.42,1.18,0.97,1.42,0.70,1.28,1.53,1.15,0.85,0.73,0.93,0.73,0.95,0.50,0.75,0.90,0.80,0.75,1.50,0.83,1.13,1.37,0.77,1.83,2.08,0.80,1.25,1.07,0.50,0.80,0.95,0.67,0.57,0.95,0.75,1.35,0.80,0.60,1.00,1.05,0.25,0.30,0.65,1.05,0.30,0.65,0.70,0.45,0.90,0.75,0.95,1.45,0.60,0.90,1.30,1.00,0.30,1.67,2.40,1.60,0.90,1.20,1.45,1.30,0.45,1.65,0.50,1.05,1.10,,2.00,0.80,2.20,0.80,0.40,0.60,1.00,0.50,0.60,1.60,1.00,0.65,1.85,1.35,1.00,2.00,1.35,1.20,1.83,1.50,0.97,0.90,1.70,1.60,0.10,
20161120,21,AQI,21,55,115,80,51,112,128,74,32,76,64,99,121,264,58,55,45,41,56,36,40,31,34,47,61,60,39,52,39,44,47,46,39,34,54,89,32,27,40,54,24,43,75,60,47,26,29,57,114,44,265,81,105,59,30,32,53,24,46,39,41,55,29,23,140,113,68,60,191,232,189,145,102,34,96,103,147,111,66,35,58,63,12,47,118,225,68,58,60,40,60,64,56,55,26,68,19,38,39,51,19,39,14,47,15,66,90,80,60,93,76,84,297,141,51,78,60,29,64,44,73,55,37,52,21,81,270,180,204,265,268,237,207,131,98,146,125,47,29,54,34,105,140,66,214,204,135,116,101,49,215,228,159,221,252,59,58,115,29,87,61,65,39,34,54,40,44,32,49,,25,45,30,32,35,51,53,54,33,49,21,55,23,37,38,27,43,,75,126,66,,75,112,222,191,126,208,123,39,24,95,67,27,35,84,61,83,53,70,49,37,38,39,41,42,19,29,58,53,86,61,64,80,55,27,51,47,74,113,95,53,34,78,69,37,70,189,74,17,16,22,15,36,85,73,64,63,39,52,83,64,104,171,176,133,161,196,119,105,164,106,130,139,86,123,86,29,96,100,95,86,83,105,49,76,103,78,109,37,49,63,42,35,84,33,58,48,69,85,98,171,129,131,129,153,89,111,111,86,59,44,95,42,91,123,58,49,58,29,121,34,45,39,30,65,51,56,39,72,46,52,148,104,83,78,34,53,148,124,114,148,128,103,84,73,170,79,130,128,,123,113,136,58,67,88,193,50,82,105,169,103,142,70,21,40,119,409,479,500,58,35,70,53,20,
20161120,21,PM2.5,15,39,87,59,34,80,97,20,19,56,39,74,92,214,15,39,29,29,40,25,25,22,11,13,24,33,22,32,19,18,15,11,15,21,34,66,21,19,28,35,15,26,55,43,33,18,17,27,86,15,215,60,79,36,20,11,32,17,32,27,24,35,19,10,107,83,39,26,93,182,142,98,59,24,72,75,19,24,48,9,41,45,4,19,89,175,42,33,20,17,23,36,33,11,13,29,12,23,25,36,13,27,10,30,7,48,67,42,19,69,22,62,247,108,33,57,43,20,39,31,53,39,24,35,15,60,220,136,154,215,218,187,157,100,73,112,95,33,19,27,10,75,107,33,164,154,89,88,76,22,165,178,121,171,202,22,16,33,20,20,26,31,11,14,25,16,12,13,24,,12,14,15,13,21,23,18,22,18,27,15,39,16,16,22,18,28,,55,95,48,,55,58,172,144,93,158,38,27,15,28,12,13,21,52,44,61,37,51,34,26,18,25,25,25,13,20,41,34,64,44,46,59,39,9,27,33,54,85,71,31,24,52,50,26,51,142,54,12,8,13,8,25,63,53,42,45,27,33,61,46,78,130,133,101,123,147,90,79,125,80,99,106,64,93,64,13,72,75,71,64,61,75,30,56,77,57,82,26,27,34,26,24,60,23,32,31,35,43,73,130,98,100,70,117,56,84,55,64,40,29,71,25,65,93,11,34,37,16,92,11,29,27,20,38,30,30,25,37,9,13,89,51,61,57,20,13,113,94,86,113,53,77,56,44,129,37,99,97,,93,85,96,21,39,31,43,28,47,40,62,67,76,35,15,20,90,136,187,148,31,22,51,11,14,
20161120,21,PM2.5_24h,65,40,153,48,24,125,90,18,23,45,40,73,118,126,28,32,28,35,50,52,36,39,36,28,62,60,57,45,37,52,40,29,49,59,57,71,46,47,53,44,37,64,98,52,50,22,41,36,82,23,213,69,58,45,26,22,49,28,40,39,35,79,26,12,94,101,43,32,63,139,93,70,71,30,54,54,41,26,45,24,24,33,37,48,62,134,34,54,53,16,33,54,66,31,14,24,20,44,30,32,33,38,32,32,34,59,67,44,19,143,36,112,169,128,72,40,26,30,38,26,53,34,39,90,38,46,230,208,177,218,175,143,108,94,59,66,66,46,23,29,10,83,96,43,121,168,123,75,73,22,131,80,58,100,136,34,23,47,25,24,34,78,20,19,21,19,17,15,21,,13,11,13,48,48,48,38,48,33,72,50,51,53,36,53,64,57,,43,121,144,,110,76,91,130,67,99,54,29,16,23,15,15,11,33,39,37,31,52,30,20,20,27,27,27,14,32,39,32,30,32,36,43,64,7,72,64,87,57,47,31,54,84,94,36,87,82,58,25,12,12,16,19,52,45,55,47,23,33,69,52,82,184,203,156,154,174,115,97,167,70,108,141,65,111,59,42,74,81,60,42,45,65,15,45,41,32,55,28,21,30,19,24,61,19,42,17,38,44,71,86,83,82,49,77,56,48,54,25,31,32,58,21,24,78,23,40,44,16,70,11,26,13,23,29,32,26,13,25,18,40,50,19,63,67,27,15,78,64,83,72,67,63,75,32,57,26,65,64,,58,53,85,17,34,23,29,19,22,73,56,35,56,33,22,21,79,103,161,105,25,21,50,15,11,
20161120,21,PM10,,50,121,100,51,173,140,98,32,80,77,140,129,342,65,54,45,40,46,35,40,28,34,47,72,70,39,54,39,44,47,46,39,34,57,98,32,27,40,58,22,43,63,55,30,21,29,63,155,44,260,92,97,68,30,32,55,22,45,38,41,59,29,23,149,176,86,70,332,284,327,240,153,22,117,156,243,171,60,35,56,60,5,47,144,267,85,65,69,40,69,78,61,60,26,86,18,38,39,44,,39,12,47,10,74,118,110,69,124,102,92,397,143,51,77,70,26,77,44,71,50,37,53,16,75,347,159,180,336,329,263,194,150,96,166,135,47,29,58,34,159,173,81,262,219,220,149,124,49,274,336,195,257,318,67,66,179,24,124,71,79,39,34,58,40,44,32,49,,25,45,30,32,35,51,56,57,33,49,16,45,20,37,38,27,43,,93,202,68,,76,174,257,196,202,256,195,38,24,139,83,27,35,118,60,84,42,56,41,29,38,39,41,42,19,27,65,55,74,46,72,,49,27,52,45,81,139,106,56,29,106,64,37,86,193,70,17,13,22,12,28,112,92,77,74,36,53,91,68,127,160,182,161,240,307,152,119,247,125,129,112,105,109,109,25,89,120,92,70,76,160,49,83,136,91,131,35,49,75,42,35,118,28,66,48,88,120,97,170,184,202,208,201,127,141,171,94,67,44,128,42,131,109,65,48,66,29,165,34,45,27,30,80,51,62,39,94,46,53,246,158,,,18,55,171,184,121,181,205,154,118,96,261,107,185,195,,168,135,222,65,83,125,336,50,113,160,287,156,233,90,21,40,163,509,579,616,66,35,,55,,
20161120,21,PM10_24h,,55,223,87,40,258,133,73,55,69,65,136,187,232,90,43,41,46,63,34,56,73,66,53,105,82,98,83,55,79,79,67,55,90,92,108,63,63,83,73,55,106,121,71,64,54,83,64,133,60,260,94,80,79,42,37,77,47,68,63,68,113,44,31,135,187,91,90,179,253,268,214,156,37,86,101,137,90,57,49,38,48,42,70,100,231,70,87,94,42,76,77,87,62,38,66,16,68,46,52,63,61,56,53,46,79,101,77,44,193,100,175,266,226,114,54,41,45,51,58,67,52,53,139,60,58,351,318,217,331,235,221,137,140,76,107,93,65,43,42,27,151,142,93,198,219,223,113,129,63,234,179,136,208,245,127,65,156,34,76,66,139,52,47,47,43,49,39,52,,33,37,36,108,79,75,82,89,42,103,73,90,78,54,117,94,76,,77,205,249,,153,140,166,228,160,231,138,44,22,86,49,23,23,123,66,53,40,86,56,23,31,37,35,39,27,44,66,51,47,39,75,42,76,20,99,95,101,82,69,58,76,124,81,51,103,117,74,41,22,21,27,32,91,77,95,64,33,51,108,71,133,281,311,206,216,277,180,177,275,112,138,161,93,140,91,60,92,117,85,52,60,111,30,71,75,52,97,39,39,55,34,41,93,32,62,24,61,169,93,123,137,130,148,129,101,78,136,49,50,52,104,32,60,94,71,61,76,41,106,22,46,33,41,54,56,48,27,56,36,47,93,53,88,69,62,43,157,172,122,166,192,171,178,80,183,70,166,152,,131,124,295,50,75,64,97,41,52,157,191,112,131,58,46,43,189,441,465,343,39,42,62,41,22,
20161120,21,SO2,2,10,17,52,22,44,18,8,7,5,29,26,22,105,24,61,30,34,44,11,8,10,17,9,13,9,11,10,12,10,6,9,7,8,11,14,15,8,5,10,7,18,23,8,8,5,6,18,34,12,15,9,13,12,6,10,11,11,10,9,9,10,9,4,16,18,17,20,16,40,59,35,40,9,19,43,14,21,41,11,54,51,7,8,23,26,32,18,19,25,14,23,26,9,6,39,9,9,8,7,7,10,4,7,6,17,27,7,24,43,18,55,434,28,45,77,27,16,62,18,26,29,18,9,6,14,30,36,18,23,39,33,18,15,8,18,13,10,10,6,1,14,28,28,19,20,11,14,8,9,33,66,93,18,55,19,7,79,9,4,15,12,4,6,30,12,6,7,10,,3,7,3,4,11,18,19,11,11,12,4,7,20,10,5,4,18,,156,9,15,,32,56,63,93,74,170,17,7,5,11,27,9,17,24,40,66,18,50,17,13,12,10,11,7,6,8,11,17,11,12,12,26,16,10,12,18,13,79,18,10,19,21,30,12,13,32,21,8,6,12,4,4,8,33,16,23,23,27,30,11,22,28,17,7,22,8,21,7,13,17,10,9,14,15,3,11,7,7,14,8,41,27,17,34,16,11,5,5,11,14,23,9,7,13,8,7,13,19,9,29,41,22,15,14,19,7,15,16,29,14,29,46,15,9,17,10,12,14,34,11,3,5,28,15,9,13,10,2,10,24,11,10,36,36,24,5,25,67,18,22,54,52,76,11,57,6,183,85,,64,35,20,22,45,21,21,66,24,24,50,29,16,10,6,12,29,3,17,63,25,7,84,9,14,
20161120,21,SO2_24h,5,12,33,57,18,57,36,12,11,6,20,33,32,157,36,55,29,41,45,14,10,14,16,11,16,10,18,13,12,11,9,12,10,13,11,17,19,11,10,12,9,17,16,10,11,6,15,16,24,17,27,10,14,19,7,13,18,16,18,15,9,22,10,4,18,22,15,21,9,34,43,38,119,19,20,22,31,25,33,16,36,69,10,12,25,24,23,29,19,15,18,26,36,13,6,30,8,15,8,9,11,12,8,11,10,19,25,14,29,39,59,83,254,65,83,53,21,22,63,18,50,21,19,12,9,17,40,47,35,37,32,28,26,19,10,13,12,10,10,8,2,14,29,50,27,24,19,12,14,15,34,43,62,26,37,30,11,116,9,5,19,22,8,9,18,15,7,8,17,,4,5,7,8,12,21,24,14,14,15,11,11,23,10,7,9,22,,78,10,20,,73,95,156,97,107,125,86,13,3,38,28,9,19,27,88,49,15,104,18,15,13,12,18,7,7,14,15,26,8,13,8,34,19,8,11,16,14,33,16,8,25,21,14,14,14,26,22,9,7,10,7,6,6,32,38,20,14,22,27,7,30,41,28,23,34,10,21,9,16,22,17,11,12,17,6,8,6,9,30,9,26,18,20,18,11,10,7,5,10,11,20,12,9,11,8,8,22,30,16,22,49,19,26,14,17,5,13,15,35,31,21,25,14,11,22,8,19,12,32,9,4,4,25,22,12,11,10,2,9,16,7,6,14,31,49,5,19,35,25,28,69,66,48,10,30,11,88,53,,51,20,32,18,24,20,27,36,20,90,49,13,19,11,17,12,32,3,17,69,27,7,51,10,13,
20161120,21,NO2,25,38,48,62,34,56,58,13,16,52,42,54,54,89,20,55,34,26,48,27,40,47,20,14,39,7,30,27,17,20,18,21,23,35,53,73,33,54,29,19,6,60,44,39,50,42,31,51,64,20,73,57,45,59,21,30,41,27,35,25,20,43,35,15,75,111,62,67,81,81,149,89,33,33,32,45,14,32,52,12,55,48,24,24,63,37,44,33,17,25,29,73,26,11,12,29,38,22,6,12,30,15,8,9,30,38,59,29,60,52,11,43,93,55,16,50,43,19,29,26,17,38,24,49,31,46,87,62,56,80,77,57,47,54,28,24,18,26,22,35,14,66,76,64,77,106,59,87,37,40,82,79,109,76,74,5,15,26,21,15,35,16,10,9,41,11,16,14,21,,5,20,9,26,34,24,27,20,31,21,26,19,24,10,33,48,48,,63,67,26,,38,42,62,45,57,67,13,12,11,18,14,10,15,21,27,46,27,25,26,11,17,11,8,11,8,15,12,13,19,22,49,37,33,9,34,32,35,74,52,39,24,31,17,40,19,75,63,17,32,30,30,33,24,33,43,40,41,37,42,26,46,53,77,36,68,58,51,28,73,54,41,63,57,39,41,57,30,45,32,30,31,42,27,25,16,28,26,17,32,40,28,33,16,28,31,28,41,46,67,87,75,104,58,57,42,50,62,31,104,26,75,31,13,33,63,28,54,13,52,37,29,21,32,25,26,40,21,31,37,27,92,68,63,49,5,12,50,87,47,55,26,89,61,31,111,13,56,56,,90,59,79,22,25,45,22,55,44,16,16,57,71,59,29,2,74,25,52,32,33,21,48,20,9,
20161120,21,NO2_24h,47,37,56,52,29,73,53,19,38,36,34,46,59,75,43,37,31,34,49,41,39,57,20,21,38,12,46,37,22,28,21,22,27,57,61,77,43,42,50,19,15,49,54,39,43,41,44,44,56,28,83,43,36,69,30,41,55,45,47,38,29,73,38,11,60,72,43,42,47,67,97,63,60,40,30,39,43,41,36,17,31,40,36,35,39,34,39,37,26,18,26,61,38,22,9,22,25,27,6,11,33,14,26,14,46,32,43,42,30,58,30,62,62,72,27,34,24,25,28,19,27,24,26,51,39,40,84,74,68,84,59,53,44,48,25,24,18,30,12,27,11,50,51,54,41,67,44,44,40,33,65,58,62,57,58,22,31,40,18,17,31,32,17,16,30,16,18,15,21,,8,15,12,46,34,37,34,25,36,35,50,22,34,11,29,48,37,,48,52,53,,58,50,55,65,49,38,46,18,9,29,19,10,12,16,32,29,28,32,22,11,12,12,16,13,8,23,19,20,21,24,41,35,29,16,38,31,41,53,38,41,33,30,33,39,35,52,52,26,28,21,28,35,17,27,45,29,27,25,35,26,49,67,96,68,70,52,38,43,66,46,41,43,36,35,12,24,29,31,25,26,22,29,32,23,13,21,21,16,18,22,20,32,10,16,25,11,25,48,38,41,49,56,37,45,31,37,36,18,59,31,40,14,13,29,37,28,24,15,33,13,18,17,32,13,23,19,16,25,20,21,42,20,29,29,36,16,36,54,42,40,52,59,52,21,83,21,42,43,,72,30,64,13,13,22,18,29,18,49,27,32,54,43,31,17,56,29,43,27,21,16,40,13,10,
20161120,21,O3,28,23,10,7,27,3,4,68,58,2,35,13,14,5,56,14,39,47,31,73,29,34,77,85,27,29,49,44,60,94,57,71,57,39,32,15,29,6,39,40,78,4,19,10,20,20,29,8,14,69,5,7,37,9,66,51,19,39,32,39,41,10,20,25,7,6,24,25,20,6,9,10,41,41,43,19,67,39,13,54,14,25,31,60,4,4,29,28,57,56,41,10,54,77,66,46,10,61,56,38,19,49,40,80,26,33,6,56,22,10,57,64,13,17,42,17,28,42,32,53,42,29,43,48,19,10,12,6,2,6,6,35,34,40,29,72,35,38,64,12,17,20,11,27,9,60,20,30,23,65,7,7,13,9,5,76,95,45,42,74,41,45,60,92,40,63,66,63,44,,73,61,75,32,36,42,58,66,41,60,42,27,35,74,21,32,4,,4,5,15,,54,22,12,53,8,5,55,58,58,61,70,60,53,72,27,19,33,29,42,71,52,55,67,60,55,66,61,44,67,58,64,51,41,49,48,17,42,15,50,40,66,9,21,30,38,26,51,40,13,16,24,27,3,2,4,5,10,9,9,8,25,6,4,4,3,5,22,19,3,2,41,10,6,42,8,4,17,11,7,13,14,49,17,26,55,53,7,23,16,6,17,5,39,8,46,6,10,34,46,12,9,4,6,34,60,3,13,23,39,69,32,56,49,56,6,8,15,75,43,56,15,46,43,49,53,22,54,30,30,36,13,18,28,34,109,69,36,4,21,9,61,18,13,50,13,72,42,29,,72,76,8,54,12,33,59,31,27,43,41,27,12,28,35,58,20,48,30,32,40,104,1,63,43,
20161120,21,O3_24h,28,54,34,42,47,6,38,70,59,25,68,46,18,47,62,53,76,61,58,78,45,42,82,85,41,29,49,46,61,95,75,77,59,46,51,41,56,36,48,70,105,86,40,36,29,58,54,30,39,77,17,61,43,161,100,83,114,86,84,124,99,103,53,56,15,86,104,95,78,17,82,76,56,46,48,21,67,70,56,57,52,56,58,68,47,99,55,54,62,73,70,44,65,97,69,71,49,81,140,55,54,109,40,92,47,90,77,127,104,42,59,81,30,40,44,48,69,47,51,74,49,71,65,75,27,26,64,13,11,39,28,59,46,89,65,111,62,61,100,62,42,80,103,90,101,149,87,96,81,130,35,39,76,43,26,83,112,60,75,74,63,61,67,93,81,76,79,69,69,,74,75,81,35,43,43,67,67,51,60,49,43,43,76,38,53,95,,40,53,15,,81,58,52,63,29,72,60,62,61,68,77,62,59,105,45,57,61,42,70,93,80,72,70,70,66,76,61,51,69,67,96,97,74,49,60,28,168,42,64,56,86,26,30,47,48,46,94,53,55,62,53,38,21,6,17,32,41,39,35,54,42,16,23,9,22,26,75,29,41,20,72,50,49,52,85,63,52,91,9,31,49,69,26,44,60,64,46,41,49,71,38,46,134,36,80,40,72,85,134,106,108,117,53,43,79,15,125,86,66,109,92,95,51,90,73,48,75,118,125,94,73,101,83,96,92,95,98,75,81,77,85,83,83,51,109,83,85,78,69,47,98,91,79,94,74,86,80,79,,134,88,81,108,32,94,107,98,84,52,59,69,57,68,41,59,64,61,51,66,55,123,38,78,53,
20161120,21,O3_8h,14,25,22,10,32,4,18,60,48,9,45,23,13,23,55,31,58,38,35,54,21,32,69,81,33,22,34,26,48,85,67,73,55,21,28,22,23,12,33,57,72,14,28,16,16,20,41,17,21,72,6,9,37,79,79,67,56,61,55,77,68,60,35,34,9,46,73,73,51,10,31,38,41,40,42,16,60,43,21,51,30,34,36,58,15,5,38,36,51,60,58,28,47,77,65,49,20,70,78,46,27,66,25,77,23,46,38,100,78,26,53,65,19,22,30,27,46,38,40,58,36,51,50,52,16,13,30,6,3,19,11,48,39,67,47,92,46,48,74,40,28,53,62,58,62,101,55,64,48,104,21,20,44,27,15,73,100,49,53,69,44,41,61,92,66,69,70,64,49,,70,64,70,21,35,31,52,55,36,37,34,16,31,68,24,30,7,,12,11,8,,65,39,28,48,19,30,51,55,59,65,70,59,52,77,34,33,43,29,57,77,64,61,60,63,58,67,55,44,60,60,68,52,56,44,41,16,38,18,52,40,60,14,23,30,41,28,63,33,14,21,31,20,11,2,6,10,18,16,23,11,33,7,7,4,3,7,45,20,6,7,50,32,17,42,49,26,38,34,7,15,24,58,20,34,52,50,23,29,35,39,25,23,90,24,63,28,48,58,98,69,61,69,27,32,65,7,84,52,52,89,67,82,43,79,52,28,60,99,94,80,53,76,69,75,76,66,72,59,58,52,54,60,64,45,105,74,61,45,37,27,72,60,55,75,44,79,59,54,,105,75,45,94,22,67,94,79,62,36,47,51,39,54,37,54,46,54,41,54,48,112,20,70,47,
20161120,21,O3_8h_24h,14,40,25,34,42,5,30,68,48,20,58,37,14,25,56,45,65,53,49,58,32,33,69,81,34,22,34,28,48,85,68,74,56,25,37,30,35,23,40,63,74,81,34,20,18,45,46,23,25,72,11,59,37,96,88,71,75,66,65,93,83,72,35,48,9,48,89,83,62,11,50,47,42,41,42,16,60,51,53,52,46,45,39,58,37,17,47,43,51,68,62,33,48,79,66,61,46,72,132,50,39,84,29,77,27,69,58,101,87,27,53,66,21,24,31,40,64,41,45,68,42,62,55,61,19,20,35,11,5,26,27,50,40,71,55,94,50,48,89,45,35,56,68,61,69,108,61,68,48,110,23,28,54,28,18,80,103,50,55,69,49,44,62,92,72,74,71,65,60,,71,71,77,22,35,32,52,55,37,37,35,31,33,68,31,44,95,,25,37,8,,68,44,35,48,21,33,52,57,59,65,70,60,56,99,36,46,52,32,63,86,77,65,67,65,62,70,55,46,60,60,75,83,63,44,42,23,89,34,54,42,74,15,24,45,41,46,72,41,53,62,46,34,15,2,10,27,40,33,26,40,34,12,13,6,11,17,59,20,10,14,61,38,46,44,69,59,43,56,8,24,40,61,21,38,52,57,32,32,41,53,35,27,102,30,70,33,54,61,104,79,63,76,29,34,72,13,93,62,55,92,76,88,43,80,64,35,69,104,109,89,62,82,73,84,82,72,80,64,64,65,65,70,70,48,105,74,65,58,51,32,73,65,68,86,52,82,68,62,,109,78,55,102,29,79,102,90,76,36,54,63,45,61,37,54,49,54,43,57,51,117,26,71,48,
20161120,21,CO,0.55,1.13,1.02,2.60,0.54,1.38,1.88,0.43,0.40,2.10,0.77,1.15,0.93,2.77,0.72,0.69,0.89,1.00,0.93,0.85,1.04,1.27,0.52,0.60,0.60,0.60,0.79,0.83,0.60,0.60,0.52,0.27,0.55,1.01,0.94,1.03,1.45,1.10,0.85,0.83,0.90,1.00,1.37,0.80,1.63,0.70,0.43,1.80,1.86,0.30,3.05,1.63,1.21,0.96,0.65,0.53,0.68,0.63,0.70,0.90,0.80,0.80,0.86,0.50,1.82,2.00,0.88,1.12,1.47,2.49,3.77,3.60,0.55,0.95,1.18,1.24,1.18,0.86,1.10,1.08,0.80,1.32,0.60,0.45,1.53,2.60,1.07,0.96,0.38,0.38,1.03,0.90,0.57,0.37,0.33,0.90,0.94,0.83,0.55,0.70,0.80,0.93,0.55,1.25,0.95,1.35,1.85,0.85,2.13,1.73,1.13,1.78,5.68,2.03,0.80,1.18,0.72,0.53,0.80,0.82,0.95,0.78,0.86,1.67,1.13,1.44,3.88,2.50,3.50,3.20,2.73,2.40,1.50,1.50,1.36,1.80,1.77,1.17,0.57,1.17,0.60,1.20,2.12,1.20,0.83,2.63,1.35,2.12,0.82,0.65,1.80,2.93,4.00,1.93,2.20,0.30,0.50,0.60,1.80,1.20,0.65,0.65,0.40,0.20,0.45,0.55,0.25,0.55,0.60,,0.50,0.35,0.20,0.97,0.95,0.70,0.75,0.85,0.90,0.43,1.05,1.55,1.20,0.55,1.35,1.30,1.35,,1.10,2.17,2.10,,1.72,1.12,2.30,2.20,3.00,2.00,0.53,0.53,,0.25,0.40,0.43,0.75,0.65,0.76,0.93,0.47,0.93,0.77,0.30,1.55,0.50,0.85,0.40,1.07,0.67,0.57,0.43,0.50,0.65,0.70,1.05,1.00,1.30,0.53,1.25,0.67,1.50,1.40,1.30,0.60,1.30,0.50,1.05,0.95,1.80,1.17,0.73,0.87,0.70,0.70,0.60,1.45,2.42,1.27,1.10,1.22,1.25,1.13,1.38,1.15,3.10,2.58,2.30,3.27,2.55,2.24,0.80,2.60,2.08,1.90,2.25,1.67,1.43,1.85,1.40,1.63,2.53,1.35,1.46,1.23,1.18,1.57,0.68,1.20,1.57,1.10,1.05,0.93,1.33,0.80,1.35,0.60,0.75,0.90,1.25,0.95,1.33,1.20,1.85,2.33,1.50,2.60,3.03,1.00,1.85,1.57,0.85,0.95,0.80,1.02,0.65,1.05,0.85,1.90,1.10,0.70,1.05,1.20,0.55,0.35,0.80,1.25,0.40,0.65,0.90,0.70,1.20,1.05,1.55,3.50,1.45,1.40,1.30,0.55,0.20,1.95,4.03,1.60,1.65,0.80,2.45,1.00,0.30,1.85,0.40,1.40,1.15,,2.45,2.10,2.20,0.90,0.60,1.10,1.00,0.70,1.00,0.70,0.55,1.30,1.75,1.20,0.75,1.00,1.90,1.60,1.57,1.25,1.30,1.00,1.90,1.60,0.20,
20161120,21,CO_24h,1.29,1.09,1.93,2.10,0.48,2.80,1.30,0.53,0.68,1.43,0.80,1.40,1.90,2.39,1.13,0.59,0.91,1.09,0.97,1.10,1.32,1.37,0.88,0.90,1.30,1.10,1.31,1.13,1.10,1.20,0.98,0.70,1.00,1.35,1.10,1.02,1.60,1.20,1.20,0.67,1.07,1.00,1.43,0.90,1.57,0.72,0.60,1.77,1.67,0.46,3.00,1.54,1.17,1.07,0.74,0.60,0.90,0.73,0.87,1.02,0.88,1.20,0.83,0.50,1.68,1.95,0.87,1.06,1.03,2.17,2.40,2.10,1.80,1.03,1.12,1.22,1.84,0.94,0.85,1.08,0.67,1.23,0.80,0.85,1.13,2.60,1.03,1.20,0.86,0.38,0.83,1.60,1.23,0.67,0.40,0.87,0.84,1.02,0.63,0.73,0.95,0.97,0.85,1.15,1.20,1.30,1.32,0.95,1.80,2.47,1.45,2.94,4.08,2.45,1.58,0.85,0.60,0.63,0.94,0.76,1.02,0.56,0.92,1.87,1.37,1.39,4.02,5.05,3.15,4.33,2.33,2.00,1.56,1.40,1.30,1.60,1.60,1.13,0.53,0.93,0.60,1.10,1.60,1.72,0.77,1.83,1.35,1.22,0.95,0.85,1.50,1.80,2.20,1.51,1.73,0.90,0.70,1.00,1.75,1.23,0.80,1.25,0.35,0.40,0.40,0.55,0.30,0.55,0.60,,0.45,0.35,0.20,1.27,1.00,1.15,1.20,1.15,1.10,1.17,1.55,1.60,1.65,0.85,1.35,1.20,1.35,,1.10,1.55,3.05,,2.62,1.32,2.03,2.90,2.20,1.40,1.60,0.63,,0.40,0.75,0.47,0.50,0.75,0.86,0.73,0.35,0.97,0.70,0.30,1.45,0.50,0.85,0.50,1.07,0.93,0.63,0.70,0.50,0.55,0.60,0.85,0.95,0.70,1.20,1.40,1.40,1.45,1.17,1.33,1.00,1.20,1.20,1.07,1.75,1.50,1.37,0.85,1.10,0.67,0.70,0.80,1.02,2.17,1.03,0.95,1.05,0.77,1.18,1.40,1.15,4.13,3.73,3.03,3.17,2.10,1.98,1.67,2.10,1.82,1.83,2.10,1.50,1.27,1.35,1.30,1.43,2.00,1.55,1.42,1.18,0.97,1.45,0.70,1.25,1.50,1.15,0.85,0.73,0.93,0.73,1.00,0.50,0.75,0.90,0.80,0.75,1.50,0.87,1.13,1.40,0.80,1.80,2.08,0.77,1.25,1.07,0.50,0.80,0.93,0.70,0.57,0.95,0.75,1.35,0.70,0.60,1.00,1.05,0.25,0.30,0.65,1.05,0.30,0.65,0.70,0.45,0.90,0.75,0.95,1.45,0.55,0.85,1.30,0.95,0.25,1.50,2.33,1.60,0.95,1.20,1.50,1.30,0.45,1.65,0.50,1.05,1.05,,2.00,0.80,2.20,0.80,0.40,0.60,1.00,0.50,0.50,1.57,1.00,0.65,1.75,1.35,1.00,2.00,1.35,1.10,1.80,1.40,0.97,0.90,1.80,1.60,0.10,
20161120,22,AQI,17,50,118,71,45,95,111,53,26,71,62,84,111,238,51,50,50,31,56,33,40,33,34,51,64,55,47,49,36,41,43,44,36,38,51,90,24,29,39,52,25,43,64,55,47,27,23,56,119,44,263,83,108,51,31,23,44,22,40,31,34,36,26,27,124,120,69,73,177,233,189,136,87,30,99,98,101,124,61,32,58,62,12,45,113,208,71,86,59,34,62,70,48,53,30,64,17,30,34,44,16,39,13,44,19,56,86,39,64,96,61,83,325,105,51,65,54,31,58,43,59,59,41,50,27,91,305,161,171,252,253,227,206,120,95,139,128,45,36,57,29,109,135,66,197,208,121,131,89,57,219,173,154,211,254,45,68,120,41,170,60,63,38,34,58,35,36,32,42,,23,35,26,33,38,48,53,53,45,49,21,66,23,40,45,27,41,,71,119,65,,76,99,189,193,116,224,105,38,27,80,154,21,38,106,68,95,54,74,53,33,31,38,26,39,23,29,56,45,78,44,68,65,63,22,53,48,78,109,98,48,54,75,54,31,61,190,58,14,18,16,20,33,85,64,61,60,39,53,81,65,95,159,167,134,143,199,126,84,169,101,124,138,90,115,95,50,96,103,83,90,94,113,52,65,105,83,106,29,39,60,39,32,91,33,49,49,69,81,106,184,129,141,120,143,82,89,114,66,53,38,103,42,101,146,75,48,83,24,114,28,78,41,60,76,45,70,41,68,56,53,175,82,170,126,34,45,135,125,113,161,114,141,87,68,156,82,126,125,,104,111,132,64,56,67,98,49,65,93,172,94,109,71,18,35,179,365,474,484,49,41,81,54,23,
20161120,22,PM2.5,12,35,89,52,30,70,84,14,18,52,43,56,84,188,14,35,33,22,40,23,26,23,14,13,23,23,26,29,19,19,14,11,16,24,32,67,16,20,27,33,15,24,46,39,33,19,16,28,90,12,213,61,81,33,21,11,30,15,28,22,21,21,18,9,94,91,40,30,92,183,142,81,46,21,74,73,14,23,44,7,41,38,3,20,85,158,43,64,21,13,30,36,33,16,11,27,12,21,24,26,11,26,9,31,8,40,64,27,24,72,20,61,275,79,30,47,32,22,41,29,42,42,21,35,19,68,244,123,130,202,203,177,156,91,71,106,97,30,18,27,10,82,103,35,148,158,91,100,66,16,169,131,118,161,204,4,19,43,29,25,25,30,12,9,29,12,13,13,20,,10,12,11,18,26,22,18,19,23,27,15,48,16,15,15,18,29,,52,85,47,,56,53,142,145,85,174,40,26,19,29,12,14,17,50,49,71,38,54,37,23,16,26,16,21,16,19,40,28,57,31,46,47,45,6,24,24,57,82,73,31,21,55,38,16,44,143,41,9,8,11,9,23,61,46,36,43,27,34,60,47,71,121,127,102,109,149,96,62,128,76,94,105,67,87,71,29,72,77,61,67,70,85,23,44,79,61,80,20,24,26,24,17,68,21,33,29,35,44,80,139,98,108,71,109,58,66,60,48,30,24,77,24,76,112,9,33,52,16,86,19,29,29,43,42,26,45,20,28,28,26,131,41,129,96,11,12,103,74,85,123,46,105,47,40,109,40,96,93,,72,84,76,21,39,30,38,26,42,35,64,61,78,43,3,16,135,113,183,155,34,26,60,13,16,
20161120,22,PM2.5_24h,59,39,149,49,24,122,81,18,23,44,39,67,115,130,27,33,28,34,48,48,35,37,34,23,61,58,54,43,36,51,37,27,45,55,54,69,44,44,50,43,36,63,95,53,49,21,41,35,81,21,211,70,59,44,26,22,48,28,39,38,35,77,25,12,94,101,42,32,63,142,96,70,70,29,55,55,40,27,46,22,26,33,35,46,61,134,34,54,51,16,32,52,63,29,13,24,19,43,29,32,30,37,31,32,32,57,65,43,20,138,36,110,173,129,72,40,27,30,38,26,52,34,38,87,37,46,231,205,175,214,174,148,112,96,60,69,67,45,23,28,10,83,97,42,122,168,121,75,71,21,133,82,59,102,138,33,23,46,25,24,33,76,19,18,20,19,17,15,21,,13,11,13,44,45,45,36,46,32,68,47,49,50,35,48,58,54,,44,120,140,,107,75,93,132,67,101,54,28,16,22,14,15,12,34,40,39,32,52,29,20,19,27,25,25,14,31,38,32,31,32,37,43,65,6,71,63,85,58,47,30,53,84,92,34,84,85,57,23,11,11,16,18,51,43,52,46,23,32,67,50,81,179,198,151,151,172,114,94,166,71,109,142,65,112,59,41,74,80,60,41,45,69,16,44,42,33,55,26,21,29,19,24,61,19,41,17,38,45,71,87,84,83,50,78,55,48,54,24,30,32,58,21,26,77,22,39,44,16,72,11,26,13,24,29,31,27,13,24,19,39,50,19,61,69,25,15,83,62,84,74,66,64,71,31,59,26,66,64,,57,55,84,16,34,23,29,19,23,71,60,37,57,33,22,21,79,105,164,108,25,21,51,15,11,
20161120,22,PM10,,41,139,68,45,140,114,56,20,61,74,117,118,300,51,45,50,21,46,33,40,31,34,52,77,59,47,49,36,41,43,44,36,38,52,96,24,27,36,53,25,43,56,53,31,24,20,62,160,44,302,80,99,51,31,23,44,22,36,30,34,36,26,27,134,186,87,95,303,277,312,221,123,28,122,146,152,198,56,32,56,73,7,45,128,232,92,64,68,34,73,89,48,55,30,77,15,30,31,44,,39,,43,10,58,104,,78,131,71,88,419,114,51,66,58,30,55,43,55,49,41,47,17,96,424,143,158,270,334,244,180,149,97,137,130,45,36,64,29,166,160,81,263,205,191,176,102,63,287,292,186,249,320,45,85,190,28,290,69,75,38,34,66,35,36,32,42,,18,35,26,33,38,48,56,55,45,49,16,62,19,40,45,27,41,,68,187,79,,75,147,222,234,182,282,159,38,27,109,258,21,38,162,64,90,40,61,43,26,31,38,26,39,23,29,62,45,71,44,86,49,56,22,55,48,91,139,110,48,57,87,42,31,65,169,50,11,13,14,11,,119,52,71,70,37,56,91,69,122,120,164,166,202,293,156,108,247,121,125,108,108,96,120,50,89,121,81,73,84,172,53,80,129,104,128,29,39,69,39,32,97,33,49,49,87,112,110,191,185,189,190,194,114,109,177,75,54,38,139,42,132,133,100,48,116,24,143,28,105,37,29,101,45,89,41,85,62,55,299,113,178,104,20,45,164,199,118,179,178,231,123,85,262,114,173,199,,157,104,213,77,62,84,145,49,79,136,293,138,168,92,18,35,224,472,574,584,42,41,,57,,
20161120,22,PM10_24h,,55,216,88,39,249,120,71,54,68,64,127,181,237,88,44,41,46,62,33,55,64,64,47,105,80,89,79,53,79,77,64,53,84,88,105,60,55,78,71,53,101,116,71,63,50,80,62,132,59,261,95,82,78,42,37,76,46,68,61,66,112,44,31,135,187,91,90,179,255,272,210,155,36,89,103,140,98,58,48,39,49,38,68,100,230,71,87,92,42,76,76,83,60,37,67,16,67,45,51,58,60,55,53,43,77,98,77,44,188,99,172,272,222,113,55,42,44,52,55,66,51,53,132,58,58,356,310,214,325,236,224,139,142,77,109,95,63,43,43,27,151,143,93,201,218,222,116,126,62,236,184,137,209,246,123,64,156,34,91,66,138,52,46,48,43,49,40,53,,33,37,36,99,74,70,78,85,37,96,67,84,74,53,109,86,71,,78,206,243,,148,140,165,229,159,229,142,43,22,88,53,22,24,125,67,55,41,85,56,23,31,36,34,37,26,44,65,50,49,40,76,41,77,19,98,95,101,84,71,56,75,123,78,49,101,117,73,40,20,19,26,30,88,74,90,64,33,50,104,70,130,274,303,202,214,278,179,171,278,113,140,162,93,141,91,59,91,117,84,51,59,118,31,70,76,54,96,35,39,55,34,41,92,31,61,24,62,166,94,126,141,133,148,130,100,79,138,47,49,51,104,32,62,94,71,59,77,41,107,21,46,33,41,55,56,49,27,56,37,48,93,54,84,71,60,44,171,171,122,164,191,173,175,78,187,69,167,153,,129,121,285,50,74,66,94,41,53,156,208,114,128,60,45,43,184,449,477,355,40,42,62,41,22,
20161120,22,SO2,2,8,13,33,17,41,20,8,7,4,23,21,19,77,24,74,32,42,39,11,8,10,17,11,13,10,12,13,12,10,7,9,7,8,10,17,16,8,5,10,7,17,19,8,7,5,7,19,33,11,15,9,12,11,7,10,10,13,9,8,9,10,9,4,17,17,17,27,16,36,54,37,38,10,19,45,17,22,45,8,57,51,8,8,25,32,41,17,18,10,14,30,25,10,5,39,9,8,8,9,7,10,5,7,6,14,34,6,40,60,18,61,534,23,35,58,24,19,47,17,11,21,15,10,6,16,24,38,14,23,40,31,20,13,9,15,13,11,9,6,1,13,27,24,17,15,11,6,7,10,31,51,83,19,52,19,13,144,9,3,15,11,4,6,28,13,6,8,10,,4,4,3,4,11,17,22,16,12,11,4,8,20,10,5,5,17,,167,10,15,,28,49,42,66,105,203,14,7,11,11,32,9,11,13,54,66,16,48,17,12,8,13,14,7,6,7,10,17,12,13,3,43,15,27,13,15,14,76,17,8,4,17,8,15,16,44,44,5,6,12,4,4,9,26,14,22,22,28,32,14,24,27,17,7,23,8,20,6,13,17,10,9,12,14,3,9,6,7,10,7,32,26,17,29,17,11,5,5,14,12,21,26,6,12,8,18,17,18,11,26,26,18,20,13,21,7,12,12,36,14,26,45,15,9,17,11,15,13,27,10,3,5,43,22,10,14,9,2,10,34,11,8,23,42,36,5,17,38,16,52,52,69,44,6,26,6,154,107,,48,28,23,23,36,21,27,69,21,20,19,33,18,10,9,9,39,2,22,64,37,4,93,9,15,
20161120,22,SO2_24h,5,12,31,57,18,55,35,12,11,6,20,31,30,154,36,57,29,41,45,13,10,14,16,11,15,10,18,13,12,11,9,11,10,12,11,17,19,11,10,12,8,17,16,10,11,5,15,16,24,16,26,10,13,19,7,12,18,16,18,15,10,21,10,4,18,22,15,21,9,34,44,38,117,18,20,21,30,26,34,16,37,70,10,11,25,24,25,28,19,14,18,26,36,13,6,30,8,15,8,9,11,12,8,11,10,19,25,14,29,40,57,83,263,63,82,54,22,22,62,18,48,21,18,12,9,16,40,45,34,36,32,28,26,19,10,13,12,10,10,8,2,14,29,49,27,24,19,12,14,15,34,43,62,26,38,29,11,113,9,5,19,22,7,8,18,15,7,8,17,,4,5,6,8,11,20,24,14,14,14,11,10,23,10,7,9,22,,85,10,20,,72,92,148,95,108,127,83,13,3,36,28,9,18,27,88,51,15,102,18,15,14,12,18,7,7,14,14,26,8,13,8,34,19,9,11,16,13,36,16,9,24,21,14,13,14,27,24,9,7,10,7,6,6,31,37,20,14,22,27,8,30,39,27,23,34,10,21,9,16,22,17,11,12,17,6,8,6,9,30,9,27,20,21,19,11,10,7,6,10,12,20,13,9,10,8,9,23,30,15,23,49,19,27,14,17,5,13,15,35,31,21,25,14,11,22,8,19,12,32,9,4,4,25,22,12,11,9,2,9,18,7,6,14,32,47,5,18,32,25,30,63,65,48,10,30,10,91,55,,50,20,31,18,24,20,27,37,20,88,47,14,19,11,16,12,31,2,16,66,28,7,54,10,13,
20161120,22,NO2,23,33,52,56,27,56,57,11,18,45,40,35,55,84,16,54,36,28,47,26,42,45,20,17,39,10,29,30,23,19,22,21,20,34,53,74,32,35,28,19,5,58,45,34,44,44,33,50,61,20,72,52,40,54,24,30,40,32,30,21,19,36,38,15,70,107,64,68,85,76,144,82,23,35,28,47,16,35,54,8,59,52,23,27,60,35,50,34,16,16,26,68,25,9,9,31,31,19,6,10,29,13,12,9,37,27,59,27,58,55,10,38,85,45,15,35,32,21,23,21,8,33,22,44,34,43,87,63,47,80,74,51,43,47,31,22,27,25,22,34,16,61,73,67,67,104,55,74,33,39,80,74,104,71,70,13,19,36,17,12,32,13,10,10,54,12,15,10,18,,5,13,8,28,31,23,29,26,31,22,25,19,23,11,31,46,48,,57,66,24,,38,37,49,39,54,65,12,13,16,17,15,11,11,13,32,47,28,27,28,11,8,11,7,10,8,12,11,13,20,21,48,42,32,15,33,27,30,68,50,45,32,30,14,42,19,73,62,14,35,26,40,37,25,34,41,37,38,35,48,27,42,54,74,35,65,55,39,25,70,56,40,58,55,34,42,45,32,43,33,30,29,38,25,25,22,27,20,20,24,32,25,16,14,25,27,25,39,43,60,77,67,95,52,50,39,42,52,23,105,22,67,31,14,50,65,25,58,13,50,24,24,18,53,24,26,40,19,33,37,34,88,56,56,67,8,14,53,74,44,53,24,82,46,16,106,12,53,68,,68,54,78,26,22,56,22,63,23,16,13,44,63,64,20,2,87,33,46,33,41,18,40,20,7,
20161120,22,NO2_24h,45,37,54,53,29,71,50,18,36,36,34,43,58,76,41,39,31,32,48,38,39,54,20,20,38,12,44,36,22,27,20,21,25,56,60,74,42,41,47,18,14,48,52,39,43,40,44,44,56,28,82,43,36,67,29,40,54,43,47,37,28,71,38,11,60,72,43,43,47,67,99,64,58,39,29,39,40,41,38,17,32,41,35,34,40,33,40,36,25,18,26,61,38,21,9,23,25,27,6,11,32,13,25,14,45,32,43,41,31,57,29,60,63,71,26,34,24,24,28,19,26,24,26,50,38,40,85,72,67,83,59,52,44,48,25,24,18,29,12,26,11,50,52,53,42,67,44,46,39,32,66,58,63,57,58,21,29,38,17,17,31,31,16,16,31,16,18,15,21,,8,15,12,43,33,35,33,24,35,34,47,22,33,11,28,46,37,,50,53,51,,57,50,55,63,48,40,43,18,10,27,18,10,12,16,32,30,28,31,23,11,12,12,15,13,8,22,18,19,21,23,41,35,29,16,38,31,40,54,39,41,32,31,32,39,34,53,52,25,28,21,29,35,16,26,45,30,27,25,36,26,48,65,94,66,70,53,38,41,68,46,40,44,35,35,13,24,28,32,25,25,22,30,31,22,12,21,21,15,18,22,20,32,10,17,25,11,25,48,39,42,51,58,37,45,32,37,36,18,58,30,40,14,13,29,37,27,24,15,33,14,18,16,32,14,22,19,15,24,21,21,42,21,29,29,34,16,38,55,43,41,50,60,51,21,84,19,42,43,,72,31,64,14,12,24,18,30,17,48,27,32,53,43,30,16,56,27,40,25,21,16,40,13,10,
20161120,22,O3,30,27,3,10,37,4,4,65,55,2,32,18,9,4,60,13,35,47,29,80,25,40,76,83,26,26,53,42,54,92,50,70,58,39,31,12,30,28,38,39,79,4,17,18,11,18,30,11,16,69,5,4,40,8,66,56,15,33,30,40,40,10,16,26,6,6,18,19,11,6,9,10,45,39,51,18,64,35,12,57,11,22,29,55,7,4,22,28,58,66,45,12,55,78,68,42,11,54,53,40,21,51,36,72,18,48,10,34,13,7,63,64,12,17,51,32,35,37,36,56,51,34,44,53,15,10,11,7,1,6,5,35,33,39,22,78,18,36,62,9,14,19,8,16,10,46,20,35,27,68,5,5,11,7,5,74,87,29,46,75,43,51,58,91,25,62,68,70,46,,72,70,79,31,43,44,53,61,41,57,44,27,33,75,21,30,2,,7,4,19,,53,26,18,56,6,3,62,58,53,61,66,59,57,69,20,16,30,25,32,70,64,51,68,61,52,67,60,44,63,57,68,45,41,45,47,22,43,16,48,24,71,7,44,27,42,25,44,44,9,14,12,23,2,2,4,5,9,9,7,4,23,6,4,3,3,5,20,20,3,2,39,8,6,40,5,11,12,10,7,13,12,44,17,24,49,52,11,20,16,7,16,16,28,5,45,4,6,24,42,7,6,5,7,35,59,3,13,28,33,67,34,53,44,22,3,9,7,67,39,69,16,39,18,47,50,15,54,20,26,22,10,25,19,20,110,62,30,2,18,18,61,18,30,61,11,72,41,19,,79,79,4,59,10,26,51,19,48,39,42,33,18,25,35,58,11,39,32,30,36,102,11,61,44,
20161120,22,O3_24h,31,52,34,42,48,7,38,70,60,24,68,46,18,47,63,53,76,61,58,84,45,43,82,85,41,29,54,46,61,95,75,77,60,45,53,41,48,36,48,70,94,86,40,36,29,58,54,30,39,77,17,61,44,161,100,83,114,86,84,124,99,103,53,56,15,86,104,95,78,17,82,76,56,47,51,22,67,70,55,57,52,56,58,68,47,99,55,54,62,73,70,44,65,98,69,71,49,81,140,55,54,109,40,92,47,90,77,127,104,42,63,81,30,37,51,50,69,47,51,74,52,71,65,75,27,26,64,13,9,39,28,59,46,89,65,111,62,61,100,62,42,80,103,90,101,149,87,96,81,130,35,39,76,43,26,83,112,60,74,77,63,61,67,93,81,76,79,70,69,,74,75,81,35,46,44,67,69,51,60,49,43,43,78,36,53,95,,40,50,19,,81,58,52,66,29,72,62,62,61,68,77,62,59,105,45,57,61,42,70,93,80,72,70,70,66,76,61,51,69,67,96,97,74,49,60,27,168,40,64,56,86,23,44,47,48,46,94,55,55,62,53,38,21,5,15,32,41,39,35,50,42,16,23,9,17,23,75,29,25,20,72,50,49,52,85,63,52,74,9,31,49,69,26,44,60,64,46,40,49,71,38,46,134,36,80,40,72,85,134,106,108,117,53,41,79,15,125,86,66,109,92,95,51,90,73,48,75,118,125,94,73,101,83,96,92,95,98,75,81,77,85,83,83,51,110,83,85,78,69,47,98,91,79,94,74,86,80,79,,134,88,81,108,32,94,107,98,84,52,59,69,57,68,41,59,64,61,51,64,55,123,38,78,53,
20161120,22,O3_8h,17,23,18,10,31,3,14,60,48,6,41,20,13,19,56,26,53,36,32,57,22,34,72,81,33,23,37,29,52,89,65,72,55,24,28,19,23,13,34,54,73,11,26,14,15,18,39,15,19,71,6,7,38,63,76,64,45,57,49,68,62,49,33,31,9,41,63,65,44,10,24,33,41,41,43,16,62,39,20,51,26,30,33,62,12,4,34,34,53,59,55,25,48,77,65,45,18,68,74,46,23,61,26,75,22,41,29,92,68,24,55,63,18,20,34,25,42,38,38,56,36,46,48,52,14,11,27,6,2,16,9,46,39,62,42,89,40,46,70,36,25,49,53,53,53,91,50,60,47,99,19,16,36,24,13,74,97,47,52,70,42,40,60,92,60,67,68,64,47,,70,64,70,22,37,33,54,56,38,42,34,18,30,71,23,30,5,,8,10,9,,62,35,24,51,17,26,52,55,58,64,70,58,51,74,32,28,40,27,52,74,63,58,59,62,56,66,56,44,61,58,68,50,52,45,42,17,39,17,51,37,60,13,26,29,43,26,59,33,13,19,27,19,9,2,4,8,15,14,20,10,32,7,5,4,3,6,39,20,4,5,47,27,15,41,40,21,34,28,7,15,21,56,19,32,52,49,21,27,33,31,23,21,81,21,58,24,41,54,92,59,56,61,22,33,64,6,73,46,49,86,61,78,43,72,44,24,52,93,83,77,46,70,62,69,70,59,68,52,52,46,46,55,57,42,107,72,52,37,32,23,69,55,49,71,38,77,55,47,,101,74,37,88,21,59,86,70,57,35,46,46,36,49,37,55,42,52,39,51,46,110,17,69,46,
20161120,22,O3_8h_24h,17,40,25,34,42,5,30,68,49,20,58,37,14,25,56,45,65,53,49,60,32,35,72,81,34,23,37,29,52,89,68,74,56,27,37,30,35,23,40,63,74,81,34,20,18,45,46,23,25,73,11,59,38,96,88,71,75,66,65,93,83,72,35,48,9,48,89,83,62,11,50,47,42,41,43,17,62,51,53,52,46,45,39,62,37,17,47,43,53,68,62,33,49,79,66,61,46,72,132,50,39,84,29,77,27,69,58,101,87,27,55,66,21,24,34,40,64,41,45,68,42,62,55,61,19,20,35,11,5,26,27,50,40,71,55,94,50,48,89,45,35,57,68,61,69,108,61,68,48,110,23,28,54,28,18,80,103,50,56,70,49,44,62,92,72,74,71,65,60,,71,71,77,23,37,34,54,56,38,42,35,31,33,71,31,44,95,,25,37,9,,68,44,35,51,21,33,52,57,59,65,70,60,56,99,36,46,52,32,63,86,77,65,67,65,62,70,56,46,61,60,75,83,63,45,43,23,89,34,54,42,75,15,26,45,43,46,72,41,53,62,46,34,15,2,10,27,40,33,26,40,34,12,13,6,11,17,59,20,10,14,61,38,46,44,69,59,43,56,8,24,40,61,21,38,53,57,32,32,41,53,35,27,102,30,70,33,54,61,104,79,63,76,29,35,72,13,93,62,55,92,76,88,43,80,64,35,69,104,109,89,62,82,73,84,82,72,80,64,64,65,65,70,70,48,107,74,62,58,51,32,73,65,68,86,52,82,68,62,,109,78,55,102,29,79,102,90,76,36,54,63,45,61,38,55,49,54,43,57,51,117,26,71,48,
20161120,22,CO,0.45,1.05,1.38,1.42,0.48,1.35,2.06,0.43,0.35,1.67,0.87,1.15,0.88,2.64,0.70,0.66,0.94,0.94,0.94,0.71,1.01,1.19,0.52,0.70,0.54,0.60,0.74,0.90,0.60,0.63,0.48,0.27,0.55,0.97,0.93,1.07,1.35,1.00,0.85,0.83,0.80,0.95,1.33,0.75,1.61,0.70,0.43,1.77,1.73,0.29,3.22,1.73,1.19,0.93,0.66,0.50,0.70,0.60,0.73,0.82,0.78,0.73,0.83,0.47,1.88,2.60,0.97,1.38,1.75,2.42,4.10,3.20,0.35,0.95,1.18,1.22,1.24,0.84,1.23,1.00,0.80,1.40,0.60,0.43,1.47,2.60,1.13,0.92,0.36,0.36,1.23,0.75,0.63,0.37,0.33,0.97,0.92,0.78,0.55,0.70,0.80,0.87,0.55,1.20,0.75,1.05,1.58,0.80,1.80,2.10,1.13,1.76,5.77,1.67,0.75,1.02,0.62,0.62,0.82,0.78,0.72,0.70,0.84,1.73,1.20,1.50,4.12,2.50,3.30,3.47,2.57,2.40,1.52,1.55,1.42,1.80,1.83,1.13,0.50,1.40,0.55,1.38,2.12,1.24,0.90,2.80,1.38,1.90,0.77,0.70,2.15,2.87,3.87,1.91,2.33,0.30,0.50,0.83,1.90,1.23,0.65,0.55,0.40,0.20,0.50,0.50,0.25,0.45,0.55,,0.50,0.35,0.20,0.90,0.95,0.70,0.95,1.05,0.85,0.50,1.05,1.50,1.15,0.55,1.30,1.25,1.35,,1.00,2.15,2.03,,1.74,1.00,2.10,2.20,2.70,2.10,0.53,0.53,,0.20,0.45,0.40,0.80,0.50,0.84,1.02,0.50,0.93,0.80,0.30,1.45,0.50,0.85,0.40,1.07,0.63,0.60,0.40,0.45,0.60,0.60,1.05,1.00,1.30,0.55,1.02,0.67,1.67,1.40,1.33,0.55,1.30,0.50,1.10,0.90,1.70,1.17,0.72,0.83,0.70,0.77,0.60,1.55,2.05,1.30,1.10,1.22,1.25,1.15,1.38,1.15,3.20,2.50,2.33,3.30,2.58,2.24,0.73,2.50,2.02,1.87,2.30,1.53,1.40,1.95,1.40,1.60,2.47,1.40,1.42,1.20,1.13,1.57,0.68,1.18,1.43,0.95,1.05,0.83,1.30,0.73,1.25,0.60,0.60,1.00,1.10,0.95,1.27,1.23,2.00,2.20,1.70,2.33,2.63,0.93,1.50,1.48,0.55,0.95,0.70,1.05,0.65,1.05,1.15,1.75,1.00,0.80,1.05,1.30,0.50,0.30,0.80,1.80,0.43,0.60,1.00,0.70,1.10,1.00,1.75,3.45,1.40,1.25,2.20,0.60,0.15,1.83,2.73,1.50,1.60,0.70,2.60,0.90,0.10,1.90,0.40,1.40,1.55,,2.05,1.90,2.80,0.90,0.90,1.50,1.10,0.80,0.90,0.67,0.55,1.10,1.95,1.50,0.75,1.00,3.05,1.30,1.50,1.50,1.63,1.10,1.20,1.60,0.20,
20161120,22,CO_24h,1.20,1.07,1.90,2.13,0.48,2.67,1.22,0.53,0.65,1.43,0.80,1.35,1.82,2.41,1.10,0.60,0.91,1.08,0.96,1.06,1.31,1.31,0.83,0.80,1.30,1.10,1.27,1.13,1.10,1.20,0.94,0.67,1.00,1.33,1.10,1.00,1.60,1.20,1.20,0.70,1.07,0.95,1.43,0.90,1.57,0.72,0.60,1.77,1.67,0.41,2.98,1.56,1.17,1.06,0.74,0.60,0.90,0.73,0.87,1.02,0.88,1.17,0.83,0.50,1.69,1.97,0.86,1.06,1.03,2.18,2.50,2.15,1.70,1.00,1.12,1.22,1.78,0.94,0.88,1.08,0.67,1.23,0.80,0.80,1.13,2.60,1.03,1.18,0.78,0.36,0.83,1.55,1.17,0.60,0.40,0.87,0.84,1.00,0.62,0.70,0.90,0.93,0.85,1.15,1.20,1.25,1.35,0.95,1.83,2.43,1.45,2.92,4.13,2.42,1.58,0.83,0.60,0.63,0.94,0.74,1.00,0.56,0.92,1.87,1.32,1.37,4.08,4.95,3.15,4.23,2.33,2.00,1.56,1.40,1.30,1.60,1.60,1.13,0.53,0.93,0.60,1.10,1.60,1.72,0.77,1.83,1.33,1.24,0.93,0.85,1.55,1.87,2.20,1.54,1.73,0.85,0.70,1.00,1.75,1.23,0.75,1.20,0.30,0.40,0.40,0.55,0.30,0.55,0.60,,0.45,0.35,0.20,1.20,1.00,1.15,1.15,1.10,1.10,1.13,1.55,1.60,1.60,0.85,1.35,1.20,1.35,,1.20,1.60,3.00,,2.62,1.32,2.03,2.88,2.25,1.45,1.57,0.63,,0.40,0.75,0.47,0.50,0.70,0.86,0.73,0.35,0.97,0.70,0.30,1.50,0.50,0.85,0.50,1.07,0.90,0.57,0.67,0.45,0.58,0.60,0.85,1.00,0.70,1.15,1.35,1.40,1.48,1.17,1.30,1.00,1.20,1.20,1.07,1.65,1.60,1.37,0.82,1.07,0.63,0.70,0.70,1.02,2.13,1.03,0.95,1.05,0.80,1.13,1.40,1.15,4.03,3.67,2.97,3.20,2.15,1.98,1.63,2.17,1.82,1.87,2.15,1.47,1.30,1.30,1.30,1.40,2.03,1.55,1.38,1.15,0.97,1.45,0.70,1.25,1.48,1.10,0.85,0.73,0.93,0.70,1.00,0.50,0.75,0.90,0.80,0.75,1.50,0.90,1.23,1.47,0.83,1.80,2.08,0.77,1.25,1.07,0.50,0.80,0.90,0.72,0.57,0.95,0.70,1.35,0.80,0.60,1.00,1.05,0.25,0.30,0.65,1.05,0.30,0.65,0.70,0.45,0.90,0.80,0.95,1.45,0.65,0.80,1.30,0.95,0.25,1.63,2.23,1.60,1.00,1.20,1.55,1.30,0.40,1.65,0.45,1.00,1.05,,2.00,0.80,2.30,0.80,0.40,0.70,1.00,0.50,0.50,1.53,1.00,0.70,1.75,1.35,0.90,2.00,1.40,1.10,1.77,1.25,0.97,0.90,1.70,1.60,0.10,
20161120,23,AQI,17,43,128,65,40,101,96,56,26,64,58,71,96,224,41,53,47,31,51,30,35,37,31,46,61,54,53,47,48,40,40,44,33,44,50,91,26,36,33,51,27,37,56,63,41,29,24,57,119,46,214,78,111,45,33,26,41,21,36,30,32,21,31,25,119,135,70,88,187,240,172,130,75,27,100,97,80,137,46,34,58,71,13,50,113,183,67,84,60,29,64,69,51,49,25,62,18,29,33,44,13,31,14,49,18,56,57,33,64,105,52,74,340,81,42,79,44,45,56,46,34,54,41,60,40,89,386,129,134,191,238,215,211,115,89,125,123,40,42,61,26,119,134,67,200,222,124,135,93,53,232,164,159,209,275,51,65,132,29,99,56,60,34,36,61,51,40,25,41,,22,25,25,40,39,48,55,52,42,51,24,69,21,36,42,35,41,,66,118,66,,78,76,130,191,108,237,80,40,27,63,500,19,33,90,70,93,53,73,53,29,32,36,27,37,25,26,58,44,76,41,59,66,56,24,54,38,73,96,95,52,51,66,51,34,53,144,42,16,15,14,18,39,86,51,56,66,46,55,81,61,96,144,150,126,138,179,134,96,135,100,119,140,86,111,96,63,93,99,79,91,101,123,42,65,115,86,99,24,34,42,31,19,80,40,55,44,65,75,111,173,131,157,106,123,81,88,117,63,54,38,99,44,100,149,77,44,84,29,108,26,76,44,67,78,50,65,36,52,49,57,158,71,120,139,33,40,150,113,106,161,100,131,93,97,151,73,135,116,,102,83,139,56,55,62,70,55,53,78,150,89,101,71,39,36,248,316,438,491,55,37,66,81,17,
20161120,23,PM2.5,12,30,97,47,28,76,72,14,18,46,40,52,72,174,14,37,31,22,36,17,22,26,13,12,23,38,28,28,20,17,13,10,16,25,31,68,18,22,23,32,17,26,40,45,29,20,15,29,90,12,164,57,84,28,21,13,28,14,25,21,20,15,21,9,90,103,42,45,100,190,129,86,35,19,75,71,13,25,32,7,41,52,5,20,85,138,31,62,22,13,32,34,30,11,12,29,11,20,23,23,9,22,10,32,9,40,38,23,26,79,18,54,290,60,27,58,31,25,40,32,24,38,25,43,28,66,256,98,102,144,188,165,161,87,66,95,93,28,20,32,12,90,102,38,150,172,93,103,69,26,182,125,121,159,225,13,18,40,20,20,24,20,13,11,28,12,13,7,16,,12,10,12,21,22,24,18,17,25,28,17,50,15,15,14,24,28,,48,77,45,,57,38,99,144,81,187,34,23,19,28,10,13,15,49,51,69,37,53,37,20,13,24,11,21,15,18,41,27,56,28,42,48,40,9,18,23,53,72,71,33,31,48,36,17,36,96,29,11,7,9,8,27,58,36,33,42,32,33,60,44,72,110,115,96,105,135,102,72,94,75,90,107,64,84,72,45,69,74,58,68,76,93,22,47,87,64,74,16,23,25,21,11,59,28,39,28,34,34,84,131,100,120,64,93,60,65,58,44,34,25,74,26,75,114,15,31,54,14,81,18,29,24,40,41,31,43,12,7,27,24,110,42,91,106,15,14,115,58,80,123,44,100,69,38,112,37,103,88,,60,61,79,19,36,38,35,33,35,47,61,47,76,42,27,16,198,96,177,145,22,26,48,15,12,
20161120,23,PM2.5_24h,55,38,144,49,24,118,73,17,22,43,38,62,110,133,25,34,28,33,47,45,35,34,32,20,59,56,50,40,35,49,33,24,41,51,51,68,41,41,47,42,34,59,92,53,49,19,40,34,80,20,208,70,60,44,26,22,47,27,39,38,34,74,25,12,94,100,42,33,63,145,98,71,68,28,56,56,39,27,46,21,26,34,33,43,63,133,33,54,49,16,32,50,62,27,13,24,18,42,29,31,29,37,30,32,31,55,63,42,20,133,35,108,177,129,71,41,28,29,38,26,51,34,37,84,37,46,233,199,170,208,172,153,116,97,61,72,68,44,23,29,10,83,97,42,122,168,118,76,69,20,135,84,61,106,142,30,22,45,25,24,32,74,18,17,20,18,17,15,21,,13,11,13,41,42,42,34,42,31,64,45,48,48,33,44,53,50,,45,118,136,,104,74,94,133,67,103,52,28,16,21,14,14,12,34,41,41,32,53,29,20,19,26,23,24,14,30,36,32,33,32,37,42,64,6,69,62,84,59,48,29,52,83,90,34,81,84,55,21,11,11,15,18,49,41,50,45,23,31,66,49,81,174,194,146,147,170,113,92,164,71,110,143,65,113,59,42,74,79,60,41,46,71,16,43,44,34,56,23,21,29,20,24,61,19,40,17,38,44,72,89,86,83,51,78,54,49,54,24,29,31,59,21,27,78,22,38,45,16,73,12,25,13,24,29,31,27,13,24,19,40,49,19,59,70,25,15,82,61,84,77,66,65,69,31,62,25,68,65,,57,54,83,16,34,24,29,19,23,71,61,37,58,33,22,21,82,106,164,109,24,21,51,15,11,
20161120,23,PM10,,,118,62,40,147,88,62,26,59,65,85,103,273,41,48,47,22,46,30,35,34,31,46,72,55,55,47,48,40,40,44,33,44,50,92,24,36,33,52,27,37,45,53,30,29,24,64,160,46,241,75,100,45,33,26,41,19,35,22,32,,31,25,126,208,89,126,323,287,294,209,99,21,124,143,109,224,37,34,52,53,9,50,129,272,83,64,69,29,77,87,51,49,25,74,18,23,30,44,,31,8,49,13,,64,,77,141,53,79,399,77,42,76,43,45,58,46,34,50,41,56,25,95,489,106,146,217,314,211,196,126,94,134,151,37,42,72,26,175,166,84,257,268,198,175,94,56,303,247,187,259,334,51,80,214,22,148,62,70,34,36,72,51,40,25,41,,19,25,20,40,39,48,60,54,42,52,19,73,18,36,42,35,41,,51,185,81,,81,102,139,207,163,286,109,40,25,75,670,19,33,129,72,91,48,56,44,23,32,36,27,37,25,21,65,44,65,41,68,61,47,24,57,38,75,139,123,53,51,82,47,34,56,237,42,14,11,10,10,28,121,50,61,81,41,59,90,65,118,117,147,165,191,259,157,103,219,122,121,111,99,93,122,73,93,118,69,76,97,167,42,69,139,111,112,24,34,42,31,19,102,34,53,44,80,100,116,198,180,200,161,165,106,108,184,75,57,38,136,44,121,133,104,42,118,29,134,16,101,44,84,106,50,79,36,53,49,63,266,91,133,,32,40,167,175,118,173,150,211,106,143,252,96,161,182,,154,98,228,62,60,74,90,60,56,106,249,127,149,91,23,36,311,433,538,591,60,27,62,111,,
20161120,23,PM10_24h,,55,209,87,39,241,110,70,52,67,63,118,174,240,85,45,42,45,60,33,54,56,61,45,105,76,83,75,52,76,73,61,52,79,83,103,56,54,74,69,50,97,111,71,63,45,78,60,133,59,259,94,83,77,42,36,76,44,66,60,64,113,43,31,134,188,90,91,180,257,273,206,153,35,92,105,140,106,58,46,40,50,35,67,101,231,71,86,90,42,76,76,82,59,36,67,16,66,44,51,55,57,53,53,42,77,93,76,45,184,97,169,277,216,112,56,43,45,53,54,66,51,52,127,56,58,363,303,210,317,238,227,142,143,77,111,98,61,43,44,26,151,144,92,202,219,218,119,121,62,238,187,138,210,249,117,63,158,33,96,67,137,50,45,49,44,49,39,53,,32,37,35,91,69,67,76,81,33,90,63,78,69,52,103,78,67,,77,208,236,,145,138,162,227,158,227,142,43,22,88,81,22,25,126,68,58,41,85,55,23,30,36,33,36,26,42,64,51,50,40,77,39,78,19,96,92,100,87,73,55,75,123,76,48,98,123,72,38,19,18,25,26,84,68,86,64,33,49,101,69,128,266,295,196,213,278,176,164,279,114,141,164,93,143,91,60,92,117,83,49,60,122,31,68,79,56,93,33,40,54,35,40,92,30,60,25,63,163,95,129,145,135,147,131,99,81,140,47,48,51,105,32,64,94,69,57,79,41,109,21,45,33,43,57,55,49,27,55,37,47,95,55,83,69,57,44,169,170,122,163,190,175,170,80,191,66,169,153,,127,118,277,50,72,67,93,41,52,154,213,114,127,62,43,43,183,456,486,365,41,42,62,44,21,
20161120,23,SO2,2,9,12,29,14,35,17,8,6,4,17,19,16,74,23,80,27,42,35,11,9,10,17,11,13,12,12,14,12,10,7,9,7,8,10,19,16,8,5,10,7,16,12,8,7,5,8,14,32,14,15,9,11,11,7,11,9,16,9,9,9,7,9,4,15,17,16,24,13,34,51,38,27,10,19,53,15,19,34,8,46,51,7,8,31,23,38,17,18,9,10,29,25,10,5,41,10,8,7,7,7,10,4,7,5,15,24,5,45,47,18,60,450,16,27,79,25,21,48,19,10,27,13,10,7,16,18,37,15,23,37,27,23,15,10,13,12,10,10,7,1,14,30,26,16,15,12,8,6,12,30,39,76,18,46,18,6,79,9,3,15,11,5,6,26,16,8,6,7,,3,4,6,4,9,17,22,18,12,12,4,8,19,12,4,5,18,,75,10,14,,24,35,39,42,133,191,11,6,8,10,31,9,12,15,69,73,17,55,21,12,7,17,14,7,6,7,12,19,12,14,2,35,13,7,11,15,14,79,27,9,20,16,14,14,14,34,24,6,6,14,5,7,8,22,12,21,30,25,37,12,23,36,16,7,22,8,15,6,12,14,10,9,11,13,4,7,5,7,10,7,31,20,15,24,32,10,4,4,12,13,20,24,6,12,8,25,19,17,11,20,21,19,28,13,15,6,10,12,42,15,24,49,18,17,14,9,11,12,53,9,4,3,85,24,10,14,8,2,9,13,9,7,13,47,53,5,21,30,24,20,35,73,55,5,17,6,101,41,,40,37,20,21,16,34,27,64,20,31,17,12,21,7,5,8,43,3,15,76,26,4,93,8,13,
20161120,23,SO2_24h,4,12,29,57,18,53,33,11,11,6,20,31,29,151,35,59,29,41,45,13,10,13,15,10,16,10,17,13,12,11,8,11,10,12,11,16,19,10,9,12,8,17,16,10,11,5,14,16,24,16,25,10,13,19,7,12,17,16,18,15,9,21,10,4,18,22,14,22,9,35,45,38,115,18,20,23,29,26,35,15,38,69,10,11,26,23,25,28,19,13,18,26,36,13,6,31,8,14,8,9,11,12,8,11,9,19,25,14,29,41,54,81,269,61,81,56,22,22,62,18,47,21,17,12,9,16,39,44,33,35,32,29,27,19,10,13,12,10,10,8,2,14,30,49,27,24,19,12,13,14,35,44,62,26,39,28,10,109,9,5,20,21,7,8,19,15,7,8,17,,4,5,6,8,11,19,24,14,13,14,10,10,22,10,7,9,22,,87,10,20,,71,89,141,92,111,130,79,13,4,32,28,9,18,26,88,53,16,102,19,14,14,12,18,7,7,14,14,27,9,13,8,33,19,9,11,16,13,39,16,9,24,21,14,13,14,28,24,8,7,10,7,5,6,30,35,19,15,22,27,8,29,38,26,22,33,10,20,9,16,21,17,11,12,17,6,8,6,9,28,8,26,20,21,19,12,10,7,6,11,11,20,13,9,10,8,10,23,30,15,23,50,19,27,14,17,5,13,14,35,31,21,26,14,11,22,8,20,12,34,9,4,4,27,22,11,11,9,2,9,18,7,6,13,32,47,5,18,32,25,30,51,65,49,10,30,9,93,56,,50,20,30,19,24,21,27,36,20,85,45,14,19,11,15,12,32,2,16,62,28,7,58,10,13,
20161120,23,NO2,19,31,52,51,25,55,55,10,14,40,36,38,47,80,14,53,30,28,41,25,39,41,17,17,40,17,29,29,29,18,24,19,20,28,50,78,29,23,22,23,6,55,45,34,46,45,40,51,61,17,64,49,41,52,23,28,38,41,27,21,19,30,32,15,65,98,62,67,72,74,141,76,19,34,35,43,15,27,31,9,54,47,25,29,60,26,41,30,16,12,15,59,24,9,7,29,32,17,6,9,21,8,17,12,36,27,33,28,48,52,8,37,89,36,10,44,30,23,25,23,5,46,22,41,36,40,85,60,41,74,71,49,44,52,31,21,26,23,17,31,15,62,69,68,57,90,60,65,29,47,77,69,94,67,71,21,14,33,13,10,33,12,12,9,43,11,15,9,13,,6,12,11,26,22,24,28,29,32,24,23,21,25,10,22,40,46,,42,65,22,,34,31,42,31,49,52,10,8,14,16,13,10,11,10,31,51,32,25,28,12,7,13,7,11,8,16,24,17,20,17,36,36,26,3,42,21,26,60,45,46,34,28,11,40,18,70,61,18,30,27,35,32,18,32,42,36,37,33,50,28,35,57,72,33,64,51,47,24,69,48,35,54,51,32,43,29,30,44,29,27,29,33,25,22,18,26,16,22,23,29,20,12,15,26,28,16,34,40,58,64,61,86,50,48,41,39,45,20,86,22,61,33,15,52,59,18,40,11,54,10,25,18,65,22,28,35,18,25,32,25,79,34,43,67,11,14,58,58,44,50,21,78,59,13,99,9,54,48,,67,55,74,25,5,58,27,57,16,16,10,24,58,34,19,2,87,42,38,46,32,12,43,20,6,
20161120,23,NO2_24h,43,37,52,54,28,69,48,17,35,36,34,41,56,76,40,40,31,31,47,36,39,53,20,20,39,12,42,35,22,26,19,20,24,54,59,72,41,40,46,19,14,46,51,39,43,39,43,44,56,27,80,43,36,66,29,39,54,42,46,35,27,69,38,11,61,73,43,43,46,67,102,64,55,39,29,39,38,40,38,15,34,42,34,33,42,32,40,36,24,18,26,59,38,20,9,23,26,26,6,11,31,11,25,14,44,32,42,41,31,56,28,59,63,70,25,35,25,25,28,19,25,25,25,49,38,39,84,70,66,82,60,52,44,47,26,24,18,29,12,26,11,50,52,53,42,68,44,46,38,32,66,59,64,57,58,20,26,37,16,17,32,30,16,15,32,16,18,15,21,,8,15,12,41,31,33,32,24,34,34,44,21,31,11,28,46,38,,50,55,49,,55,49,55,61,48,41,41,18,10,26,18,10,12,16,32,31,29,31,23,11,12,12,15,12,8,21,19,19,20,22,42,35,29,15,38,31,39,54,39,42,31,30,30,39,32,54,52,24,29,22,29,34,16,26,44,30,28,25,36,27,47,64,93,64,69,53,38,39,68,46,40,44,36,35,14,24,27,33,25,25,22,30,30,22,13,21,20,16,18,22,20,31,10,17,24,11,25,47,39,44,52,58,38,45,32,37,36,17,58,30,41,14,12,29,37,25,24,15,34,14,18,16,33,14,22,19,16,24,21,21,43,22,29,29,33,16,38,55,43,42,49,60,51,20,84,18,42,43,,71,31,64,14,12,26,18,30,16,46,26,32,52,43,29,15,56,27,37,24,21,16,40,14,9,
20161120,23,O3,34,27,3,14,37,3,4,67,60,6,29,17,13,4,62,12,39,46,32,82,27,49,77,82,24,21,54,41,45,91,47,70,56,44,32,12,32,37,47,32,76,5,14,21,11,15,29,8,15,71,5,4,37,10,68,53,14,24,32,39,48,17,18,23,5,5,14,13,16,6,9,8,46,38,43,21,68,40,39,55,14,27,25,50,4,5,31,32,59,71,57,21,56,78,70,45,10,48,51,52,31,65,30,59,17,34,34,30,16,10,66,61,11,21,60,22,36,35,33,51,54,35,41,52,11,10,10,6,2,6,5,33,31,29,19,78,17,35,62,9,14,14,6,10,11,45,12,35,30,49,5,6,10,7,4,70,87,38,53,76,39,51,53,92,37,59,66,72,53,,71,70,79,36,55,42,56,55,40,51,46,24,34,74,30,31,2,,18,4,21,,58,32,21,58,5,3,63,63,54,64,71,59,53,69,19,13,27,26,37,67,64,47,68,59,54,66,47,37,59,59,62,46,43,49,36,29,50,19,45,27,67,6,46,35,37,28,57,37,13,16,15,27,4,1,4,5,8,9,7,4,24,6,4,3,3,6,19,17,3,3,40,8,5,40,2,14,11,7,7,18,14,41,16,26,51,50,17,16,14,6,17,22,14,4,43,8,7,17,43,7,5,3,7,31,57,2,12,32,37,64,34,45,41,18,4,13,10,61,31,84,10,39,5,45,42,14,53,26,26,28,7,33,15,15,104,56,15,2,15,18,60,18,10,63,9,76,59,25,,81,76,5,59,14,20,34,20,54,41,44,45,20,52,36,58,11,27,34,17,43,110,3,61,43,
20161120,23,O3_24h,34,52,34,42,48,7,38,70,61,24,68,46,18,47,65,53,76,61,58,86,45,50,82,85,41,29,55,47,61,95,75,77,60,46,52,41,45,37,52,70,79,86,40,36,29,58,54,30,39,77,17,61,44,161,100,83,114,86,84,124,99,103,53,56,15,86,104,95,78,17,82,76,56,47,52,24,70,70,54,58,52,56,58,68,47,99,55,54,62,74,70,44,59,98,70,71,49,81,140,57,54,111,40,92,47,90,77,127,104,42,66,81,30,36,60,50,69,47,51,74,54,71,65,75,27,26,64,13,9,39,28,59,46,89,65,111,62,61,100,62,42,80,103,90,101,149,87,96,81,130,35,39,76,43,26,83,112,60,74,78,63,61,67,93,81,76,79,72,69,,74,75,81,36,55,44,67,69,51,60,49,43,43,79,35,53,95,,40,43,21,,81,58,52,68,29,72,63,64,61,68,77,62,59,105,45,57,61,42,70,93,80,72,70,70,66,76,61,51,69,67,96,97,74,49,60,31,173,40,64,56,86,18,46,49,48,46,94,55,55,62,53,38,21,3,15,32,41,39,35,48,42,16,23,9,15,22,75,29,15,20,72,50,49,52,85,63,52,69,9,31,49,69,25,44,60,64,46,40,49,71,38,46,134,36,80,40,72,85,134,106,108,117,53,39,79,15,125,86,66,109,92,95,51,90,73,48,75,118,125,94,73,101,83,96,92,95,98,75,81,77,85,83,83,51,110,83,85,78,69,47,98,91,79,94,74,86,80,79,,134,88,81,108,32,94,107,98,84,52,59,69,57,68,41,59,64,61,51,64,55,123,38,78,53,
20161120,23,O3_8h,21,23,15,9,31,3,10,63,49,5,35,18,12,14,57,21,49,35,29,61,23,36,75,81,32,24,40,32,53,91,62,72,56,28,29,17,23,16,36,49,74,8,24,13,15,15,37,13,17,71,5,6,38,44,73,61,34,52,44,57,56,41,30,28,8,35,52,54,38,9,18,24,40,41,44,17,63,38,22,53,22,28,29,61,8,4,31,32,54,59,53,23,50,77,65,42,15,64,69,47,22,62,25,71,22,35,24,83,57,20,56,64,17,20,38,23,39,37,37,54,37,42,45,51,13,11,23,6,2,12,7,43,37,55,38,85,36,43,67,30,22,43,42,44,42,83,43,55,42,89,16,13,28,21,11,74,94,45,50,72,39,40,58,92,54,66,67,65,45,,69,63,70,25,40,36,56,57,40,45,36,19,30,74,24,30,3,,6,8,11,,60,32,20,53,15,21,54,55,57,64,71,58,51,72,29,24,36,25,48,71,62,55,59,62,55,66,57,43,60,57,65,48,48,46,42,18,41,16,49,34,60,11,29,30,42,25,56,34,12,18,24,19,7,2,3,7,14,12,16,8,29,6,4,4,2,5,33,19,4,3,44,22,12,40,30,17,29,22,7,15,18,54,18,30,52,48,17,25,29,23,21,18,71,18,54,20,34,46,83,47,46,49,19,33,62,5,61,41,48,82,55,72,43,63,35,19,44,87,72,75,38,63,52,62,64,49,63,46,45,43,37,50,50,37,107,68,43,27,27,20,67,48,41,67,31,76,54,41,,97,73,28,82,19,50,78,60,54,34,44,44,32,47,38,56,36,49,37,45,46,108,13,68,45,
20161120,23,O3_8h_24h,21,40,25,34,42,5,30,68,49,20,58,37,14,25,57,45,65,53,49,64,32,36,75,81,34,24,40,32,53,91,68,74,57,31,37,30,35,23,41,63,75,81,34,20,18,45,46,23,25,73,11,59,38,96,88,71,75,66,65,93,83,72,35,48,9,48,89,83,62,11,50,47,42,42,44,17,63,51,53,54,46,45,39,62,37,17,47,43,54,68,62,33,50,79,67,61,46,72,132,50,39,84,29,77,27,69,58,101,87,27,56,66,21,24,38,40,64,41,45,68,42,62,55,61,19,20,35,11,5,26,27,50,40,71,55,94,50,48,89,45,35,57,68,61,69,108,61,68,48,110,23,28,54,28,18,80,103,50,56,72,49,44,62,92,72,74,71,65,60,,71,71,77,25,40,36,56,58,40,45,36,31,33,74,31,44,95,,25,37,11,,68,44,35,54,21,33,54,57,59,65,71,60,56,99,36,46,52,32,63,86,77,65,67,65,62,70,57,46,61,60,75,83,63,46,44,23,91,34,54,42,75,15,29,45,43,46,72,41,53,62,46,34,15,2,10,27,40,33,26,40,34,12,13,6,11,17,59,20,10,14,61,38,46,44,69,59,43,56,8,24,40,61,21,38,53,57,32,32,41,53,35,27,102,30,70,33,54,61,104,79,63,76,29,35,72,13,93,62,55,92,76,88,43,80,64,35,69,104,109,89,62,82,73,84,82,72,80,64,64,65,65,70,70,48,108,74,62,58,51,32,73,65,68,86,52,82,68,62,,109,78,55,102,29,79,102,90,76,36,54,63,45,61,38,56,49,54,43,57,51,117,26,71,48,
20161120,23,CO,0.42,1.07,1.68,1.38,0.44,1.40,2.04,0.43,0.35,1.53,0.87,1.10,0.55,2.61,0.68,0.66,0.88,0.96,0.93,0.70,1.07,1.03,0.50,0.70,0.54,0.60,0.70,0.93,0.63,0.67,0.46,0.30,0.55,0.91,0.93,1.05,1.30,0.90,0.85,0.87,0.80,0.95,1.37,0.90,1.52,0.70,0.47,1.77,1.61,0.30,3.16,1.81,1.19,0.93,0.67,0.50,0.70,0.60,0.63,0.84,0.76,0.57,0.83,0.47,1.87,2.87,1.02,1.54,1.98,2.60,3.60,3.00,0.30,0.87,1.15,1.16,1.26,0.78,0.85,1.03,0.83,1.32,0.60,0.45,1.50,2.80,0.97,0.92,0.34,0.30,0.63,0.60,0.63,0.37,0.33,0.97,0.92,0.73,0.53,0.63,0.70,0.80,0.65,1.20,0.75,1.05,1.07,0.75,3.40,1.73,1.10,1.90,5.35,1.45,0.60,1.07,0.60,0.58,0.86,0.78,0.60,0.60,0.84,1.63,1.30,1.44,4.18,2.25,3.15,3.27,2.53,2.30,1.52,1.55,1.40,1.80,1.87,1.07,0.50,1.40,0.55,1.47,2.12,1.34,0.93,2.80,1.45,1.66,0.77,0.80,2.05,2.67,4.07,1.97,2.40,0.40,0.50,0.73,1.78,1.23,0.65,0.50,0.40,0.20,0.50,0.55,0.25,0.45,0.45,,0.50,0.30,0.10,0.90,0.65,0.65,0.90,1.05,0.85,0.63,1.05,1.55,1.10,0.55,1.15,1.20,1.35,,0.90,2.17,1.92,,1.64,0.92,2.03,2.05,2.35,2.15,0.50,0.43,,0.15,0.65,0.40,0.85,0.40,0.90,0.92,0.47,0.93,0.73,0.30,1.35,0.55,0.90,0.40,1.07,0.70,0.97,0.40,0.45,0.60,0.50,0.95,0.90,1.20,0.55,0.88,0.67,1.43,1.40,1.37,0.50,1.15,0.40,1.23,0.85,1.90,1.17,0.80,0.77,0.63,0.73,0.60,1.45,2.10,1.33,1.07,1.23,1.23,1.23,1.43,1.15,3.53,2.40,2.00,3.23,2.47,2.22,0.67,2.50,1.86,1.87,2.33,1.50,1.37,1.95,1.40,1.43,2.50,1.15,1.38,1.18,1.10,1.52,0.63,1.30,1.30,0.85,0.85,0.93,1.00,0.63,1.05,0.60,0.60,1.10,0.80,0.80,1.27,1.30,1.55,2.03,1.63,2.00,2.63,0.97,1.55,1.27,0.40,1.35,0.73,0.97,0.70,1.10,1.20,1.45,1.00,0.70,1.05,1.35,0.25,0.30,0.90,1.55,0.37,0.65,0.95,0.65,1.00,0.95,1.35,2.75,1.00,0.85,3.10,0.80,0.20,1.73,1.80,1.35,1.55,0.70,2.35,1.10,0.15,2.30,0.35,1.50,1.45,,2.15,2.70,2.40,0.80,0.30,1.30,1.10,0.80,0.70,0.53,0.45,0.80,1.90,0.80,0.65,1.00,3.70,4.70,1.37,2.00,1.23,0.80,1.30,1.55,0.30,
20161120,23,CO_24h,1.14,1.07,1.82,2.13,0.48,2.58,1.18,0.53,0.63,1.43,0.80,1.25,1.70,2.39,1.07,0.60,0.90,1.06,0.94,1.03,1.31,1.30,0.83,0.80,1.22,1.10,1.21,1.07,1.07,1.13,0.88,0.63,0.90,1.32,1.10,1.00,1.55,1.20,1.20,0.70,1.00,0.95,1.43,0.90,1.57,0.70,0.60,1.75,1.63,0.40,2.98,1.60,1.18,1.05,0.73,0.60,0.89,0.70,0.83,1.02,0.88,1.17,0.83,0.50,1.71,2.00,0.86,1.08,1.03,2.18,2.58,2.20,1.70,1.00,1.15,1.20,1.72,0.92,0.88,1.07,0.67,1.25,0.77,0.75,1.17,2.60,1.03,1.16,0.78,0.36,0.83,1.45,1.13,0.60,0.40,0.87,0.84,1.00,0.62,0.70,0.90,0.90,0.85,1.15,1.15,1.25,1.30,0.95,1.93,2.33,1.45,2.86,4.17,2.45,1.55,0.87,0.60,0.65,0.94,0.74,0.97,0.58,0.92,1.77,1.32,1.37,4.12,4.85,3.15,4.17,2.37,2.10,1.56,1.45,1.30,1.60,1.60,1.10,0.53,0.95,0.60,1.13,1.64,1.72,0.77,1.83,1.30,1.26,0.93,0.85,1.55,1.87,2.27,1.59,1.73,0.80,0.70,0.97,1.75,1.23,0.75,1.20,0.30,0.30,0.40,0.55,0.30,0.55,0.60,,0.45,0.35,0.20,1.17,1.00,1.05,1.15,1.10,1.05,1.07,1.45,1.60,1.55,0.80,1.35,1.20,1.35,,1.20,1.65,2.98,,2.60,1.34,2.03,2.83,2.30,1.45,1.53,0.63,,0.40,0.75,0.43,0.55,0.70,0.86,0.77,0.38,1.00,0.70,0.30,1.50,0.50,0.85,0.50,1.07,0.90,0.53,0.63,0.50,0.58,0.60,0.85,1.00,0.80,1.13,1.35,1.33,1.48,1.17,1.30,0.95,1.20,1.10,1.10,1.60,1.60,1.37,0.82,1.03,0.63,0.70,0.70,1.00,2.10,1.03,0.98,1.05,0.83,1.13,1.40,1.15,4.03,3.63,2.93,3.23,2.15,1.98,1.57,2.20,1.82,1.87,2.15,1.47,1.30,1.35,1.30,1.40,2.03,1.55,1.38,1.15,0.95,1.48,0.70,1.25,1.48,1.05,0.88,0.77,0.97,0.70,1.00,0.50,0.70,0.90,0.80,0.75,1.50,0.93,1.23,1.47,0.87,1.80,2.13,0.73,1.25,1.05,0.45,0.85,0.90,0.72,0.57,1.00,0.70,1.40,0.80,0.60,1.00,1.10,0.30,0.30,0.65,1.05,0.33,0.60,0.70,0.45,0.90,0.75,0.95,1.45,0.65,0.80,1.30,0.90,0.25,1.60,2.20,1.60,1.00,1.15,1.55,1.30,0.40,1.65,0.45,1.05,1.05,,2.00,0.90,2.30,0.80,0.40,0.70,1.00,0.50,0.50,1.47,0.95,0.70,1.70,1.35,0.90,1.90,1.50,1.30,1.70,1.25,0.97,0.90,1.70,1.60,0.10,